1500 1 3671696911 -73.946219 40.694957
1499 1 3680412802 -73.925994 40.705786
2000 2 3667053729 -73.953381 40.680633
1625 2 3680790830 -73.94662 40.625572
1695 3 3671589947 -73.905654 40.680118
1625 2 3680755145 -73.94662 40.625572
1999 2 3680966158 -73.953095 40.67181
1900 3 3686651092 -73.974351 40.583574
1900 1 3671774337 -73.952464 40.695014
1900 2 3655953141 -73.952464 40.695014
1999 2 3680992913 -73.953095 40.67181
1625 2 3680752905 -73.946391 40.625801
1625 2 3680737561 -73.946391 40.625801
1845 1 3681053584 -73.952464 40.695014
1750 2 3681449953 -73.937797 40.696676
1625 2 3680736301 -73.94662 40.625572
2000 2 3686645962 -73.919748 40.766176
1600 2 3660983651 -73.920837 40.702692
1625 2 3680732991 -73.946677 40.625629
1500 1 3636221022 -73.946219 40.694957
1625 2 3680728189 -73.946391 40.625801
1250 1 3680726902 -73.905654 40.648146
1799 2 3680789347 -73.92903 40.700286
1899 2 3652119281 -73.927827 40.697822
1799 1 3686641744 -73.949657 40.695129
1850 2 3682648963 -73.904336 40.709167
1850 2 3679437869 -73.950459 40.670721
2000 2 3672620355 -73.928285 40.669575
2000 2 3671723588 -73.928285 40.669575
1850 2 3686640382 -73.950402 40.670721
1999 1 3673702278 -73.937911 40.696504
1950 2 3681151564 -73.936994 40.665507
1798 2 3671033046 -73.905825 40.69404
1499 2 3645103644 -73.918889 40.669919
1850 1 3680545644 -73.923072 40.699197
1999 2 3678969386 -73.953095 40.67181
1795 1 3625743128 -73.95636 40.675076
1900 2 3686634493 -73.907659 40.775973
1500 1 3631295546 -73.946219 40.694957
1495 1 3631046496 -73.946219 40.694957
1875 2 3643049431 -73.95149 40.689858
1795 1 3665362009 -73.95636 40.675076
1600 1 3686633243 -73.957334 40.67244
1950 2 3681163944 -73.942552 40.665851
1450 1 3665383220 -73.95361 40.666424
1795 2 3680618430 -73.902674 40.675763
1695 1 3680630732 -73.95235 40.69427
1975 1 3681525390 -73.955845 40.693009
1800 2 3681750091 -73.91992 40.690488
1800 2 3677434512 -73.918602 40.691806
2000 2 3676771174 -73.928285 40.669575
1800 2 3676797158 -73.91992 40.690488
1800 2 3676691306 -73.91992 40.690488
1999 2 3677683819 -73.925478 40.669461
1050 2 3682494904 -74.071869 40.724579
1950 2 3686624080 -73.914363 40.692608
1825 1 3686623519 -73.963121 40.67456
1499 2 3679272197 -73.918889 40.669919
1500 1 3677107672 -73.946219 40.694957
1695 1 3677077385 -73.95235 40.69427
1695 3 3672462746 -73.905654 40.680118
1875 2 3682411393 -73.956131 40.694556
1500 1 3656314751 -73.946219 40.694957
1795 2 3686618965 -73.902674 40.675763
1850 1 3659070664 -73.923072 40.699197
1400 1 3659656494 -73.833977 40.913369
1800 2 3682621905 -73.942953 40.693066
1899 2 3674098798 -73.915279 40.685618
1800 2 3682627303 -73.945761 40.69278
1800 2 3682462251 -73.945761 40.69278
1800 2 3682452586 -73.942953 40.693066
1499 1 3676154347 -73.952808 40.653991
1110 1 3681874978 -74.071869 40.724579
1050 2 3681775297 -74.071869 40.724579
1500 1 3677265357 -73.946219 40.694957
1700 2 3627927142 -73.960256 40.646084
1600 1 3671477698 -73.953839 40.682868
1500 1 3658474081 -73.946219 40.694957
1695 3 3657053511 -73.905654 40.680118
1500 1 3625753648 -73.946219 40.694957
1495 1 3626005584 -73.946219 40.694957
1500 2 3673376940 -73.923129 40.686993
1950 2 3630631436 -73.919748 40.868105
1500 2 3678271842 -73.951318 40.651527
1650 2 3678951184 -73.95636 40.655881
1850 1 3663390610 -73.923072 40.699197
1995 1 3680855059 -73.952178 40.818945
1550 1 3680318131 -73.95659 40.686191
1400 1 3686598751 -73.940776 40.8233
1699 2 3686598642 -73.937166 40.663731
1695 1 3686597562 -73.925077 40.673872
1950 2 3686597148 -73.93688 40.666424
2000 2 3679146492 -73.953095 40.67181
1499 2 3678891185 -73.918889 40.669919
1699 2 3646751980 -73.942953 40.693066
1999 4 3643016756 -73.914363 40.690144
1700 2 3651204661 -73.956418 40.668372
1799 3 3645083703 -73.918889 40.669919
1699 2 3672029466 -73.928744 40.681263
1850 2 3686584549 -73.950803 40.670778
1995 1 3675122603 -73.979451 40.727444
1799 3 3679156001 -73.918889 40.669919
1550 1 3676241234 -73.946219 40.694957
2000 2 3677535916 -73.416176 41.114018
1995 2 3679190995 -73.953095 40.67181
1995 4 3676535809 -73.928744 40.681263
1900 3 3676224210 -73.923415 40.686363
1900 3 3676240084 -73.923415 40.686363
1899 2 3667123735 -73.915279 40.685618
1700 2 3686581130 -73.962205 40.624426
1500 1 3657990265 -73.950344 40.671638
1900 3 3659160728 -73.923415 40.686363
1900 3 3681007027 -73.923415 40.686363
1900 3 3681013540 -73.923415 40.686363
1900 3 3681030265 -73.923415 40.686363
1999 3 3667003003 -73.941521 40.676393
1799 3 3679131550 -73.918889 40.669919
1150 3 3686579556 -74.094099 40.696848
1699 1 3660020414 -73.946735 40.682925
1595 2 3661082994 -73.961746 40.654048
1950 2 3671592921 -73.936994 40.665507
1750 1 3665743581 -73.942953 40.705901
1995 2 3657963064 -73.910123 40.68493
1995 2 3674889749 -73.953095 40.67181
1950 2 3681735276 -73.93688 40.666424
1295 1 3665506781 -73.95023 40.672555
1499 2 3678959308 -73.918889 40.669919
1499 2 3645018418 -73.918889 40.669919
1999 2 3679139089 -73.953095 40.67181
1450 2 3650816499 -73.921295 40.66035
1600 1 3681803612 -73.845092 40.723204
1450 2 3676144752 -73.85466 40.833899
1150 1 3640826589 -73.85466 40.833899
1150 1 3664169220 -73.868411 40.863235
1499 2 3649191655 -73.918889 40.669919
1500 2 3655824017 -73.85466 40.833899
1150 1 3682005317 -73.857754 40.833556
1400 1 3686567014 -73.923129 40.684873
1150 1 3682007848 -73.855864 40.835905
1450 2 3682008661 -73.85466 40.833899
1300 1 3682014967 -73.868411 40.863235
1845 2 3672677187 -73.949599 40.679659
1895 2 3676788804 -73.953839 40.682868
1245 1 3635910344 -73.932239 40.683842
1950 2 3680728832 -73.942552 40.665851
2000 2 3686563538 -73.920608 40.764743
1095 1 3673395224 -74.05405 40.75105
1850 1 3667918352 -73.923072 40.699197
1825 1 3686562523 -73.963121 40.67456
1240 1 3686562397 -74.07078 40.725267
1950 2 3680976613 -73.942552 40.665851
1499 2 3682362930 -73.906398 40.68281
1675 2 3664133477 -73.9123 40.677539
1675 2 3664302834 -73.912243 40.677539
1600 1 3686557292 -73.95235 40.69427
1675 2 3664325473 -73.9123 40.677539
1841 1 3645842483 -73.812892 40.723949
1750 2 3662350440 -73.904279 40.677138
1445 2 3686555006 -73.947594 40.687337
1500 1 3680466951 -73.925994 40.705786
1325 1 3686552110 -73.902789 40.866042
1450 2 3639594690 -73.920149 40.658574
1450 1 3656367208 -73.914936 40.687566
1395 1 3686551379 -73.916941 40.691118
1600 2 3680656633 -73.964611 40.65336
1945 2 3686550259 -73.953839 40.682868
1695 2 3686550137 -73.952751 40.668601
1550 1 3678604723 -73.957277 40.686191
1050 1 3686549779 -73.905138 40.86524
1899 2 3686549411 -73.932984 40.695759
1675 2 3662336806 -73.912243 40.677539
1675 2 3661316812 -73.912243 40.677539
2000 4 3680762507 -73.928744 40.681263
1700 1 3674559627 -73.952063 40.67519
1975 2 3686547233 -73.955386 40.690889
1375 1 3686546111 -73.836555 40.914916
1875 2 3675138133 -73.927254 40.69616
1675 2 3649821773 -73.9123 40.677597
1945 2 3686545015 -73.953839 40.682868
1400 1 3686542552 -73.916941 40.691118
1995 3 3686542167 -73.941635 40.686477
1945 2 3686541836 -73.953839 40.682868
1675 2 3655302464 -73.904279 40.677138
1675 2 3668012559 -73.912357 40.677597
1995 3 3686540806 -73.941635 40.686477
1750 1 3655976025 -73.937797 40.696676
1995 3 3686539544 -73.941635 40.686477
1595 2 3660543042 -73.961746 40.654048
2000 2 3658217299 -73.909951 40.685331
2000 2 3644275984 -73.909607 40.685561
1450 1 3686538175 -73.947537 40.671065
1650 2 3686538178 -73.89683 40.946199
1850 1 3662044511 -28.177777 19.315553
2000 2 3678118382 -73.90955 40.685389
1950 2 3662023278 -73.951719 40.658632
1950 2 3662021711 -73.953324 40.658517
1799 2 3686533247 -73.952464 40.675305
1500 1 3639687495 -73.955845 40.655137
1450 1 3655003234 -73.915337 40.68791
1675 2 3651284052 -73.912243 40.677597
1675 2 3681159276 -73.912243 40.677654
1750 2 3681164345 -73.912243 40.677597
1699 2 3686531144 -73.937166 40.663731
2000 2 3686530952 -73.949829 40.727215
1695 3 3686530048 -73.905654 40.680118
1675 2 3681188678 -73.912243 40.677654
1675 2 3681318206 -73.912243 40.677654
1675 2 3652394800 -73.912243 40.677539
1945 2 3686526611 -73.953839 40.682868
1950 2 3662370790 -73.936994 40.665507
1945 2 3686525927 -73.953839 40.682868
1925 2 3686525602 -73.926223 40.697134
1850 1 3650815522 -73.929718 40.693869
1850 1 3650811119 -73.929718 40.693869
1900 3 3646979768 -73.923415 40.686363
1800 2 3655265860 -73.942781 40.692379
1945 2 3686524449 -73.953839 40.682868
1799 2 3686524355 -73.906398 40.68281
1800 2 3655662360 -73.942781 40.692379
1900 3 3650929182 -73.923415 40.686363
1400 1 3667707887 -73.95086 40.666309
1975 1 3679698829 -73.955386 40.690889
1839 1 3667121717 -73.949198 40.695358
1945 1 3686521721 -73.953839 40.682868
1695 2 3647158978 -73.950688 40.668085
1900 3 3663713375 -73.914363 40.664934
1800 2 3686519277 -73.942953 40.693066
1950 2 3674593820 -73.924619 40.702406
1900 2 3686518107 -73.926567 40.696848
1395 1 3635433451 -73.95023 40.672555
1799 1 3675340367 -73.952751 40.675362
1400 1 3686515855 -73.947021 40.684357
1425 2 3680416870 -74.161995 40.792475
1945 2 3686514808 -73.953839 40.682868
1325 1 3679085950 -73.961402 40.652157
1550 1 3665244039 -73.941979 40.799694
1350 1 3679094777 -73.961001 40.650095
1995 1 3680711839 -73.942609 40.837165
1945 2 3639954144 -73.953839 40.682868
1999 2 3666382279 -73.920092 40.702234
1625 1 3686511905 -73.534606 41.064916
1450 2 3630183894 -73.919519 40.658632
1945 2 3639931021 -73.953839 40.682868
1100 1 3671494275 -74.056284 40.74469
1839 1 3667085841 -73.949198 40.695358
1795 1 3686504352 -73.95636 40.675076
1660 1 3686503701 -73.536497 41.062796
1600 1 3686503158 -73.95235 40.69427
1750 2 3679462594 -73.959684 40.65485
1850 2 3686500860 -73.950745 40.670836
1699 2 3671846471 -73.928744 40.681263
1950 2 3671240669 -73.534893 41.064801
1850 2 3686499568 -73.950402 40.670721
1825 1 3686498722 -73.963121 40.67456
1899 2 3665973290 -73.915279 40.685618
1750 1 3665616252 -73.942953 40.705901
2000 2 3686495643 -73.909951 40.685389
2000 2 3686493690 -73.90955 40.685389
1550 1 3660000579 -73.95086 40.686936
2000 2 3641914535 -73.953381 40.680633
2000 2 3686493016 -73.949829 40.727215
2000 2 3686492554 -73.909664 40.685962
1500 1 3632564544 -73.951605 40.660694
1450 2 3632648080 -73.919462 40.660408
1975 1 3681183390 -73.955845 40.693009
1550 1 3673385886 -73.95086 40.686936
1950 2 3665824224 -73.918545 40.712432
2000 3 3673377762 -73.936479 40.670893
1745 1 3686490919 -73.937797 40.696676
1745 1 3686490307 -73.937797 40.696676
1999 2 3666079480 -73.920092 40.702234
1400 1 3673502444 -73.91144 40.884721
1450 1 3673508190 -73.90955 40.881512
1745 1 3686489471 -73.937797 40.696676
1550 1 3682435136 -73.95086 40.686936
1850 2 3686489256 -73.950573 40.670778
2000 2 3686488657 -73.949829 40.727215
1999 2 3666593654 -73.920092 40.702234
2000 2 3646673170 -73.953381 40.680633
1700 1 3686487607 -73.991998 40.666882
1950 4 3643573163 -73.928744 40.681263
2000 3 3657118900 -73.936479 40.670893
1995 1 3686486001 -73.937797 40.696676
1499 1 3663213571 -73.979221 40.648146
1900 1 3650801356 -73.952464 40.695014
1945 1 3686485477 -73.947365 40.804449
1995 1 3686485437 -73.937797 40.696676
1400 2 3686485213 -73.820054 40.58535
2000 2 3644311677 -73.953381 40.680633
1995 1 3686484892 -73.937797 40.696676
2000 2 3686484762 -73.949829 40.727215
1550 1 3664766012 -73.95086 40.686936
1400 1 3666328858 -73.912586 40.700343
1895 3 3675505046 -73.936479 40.670893
1299 1 3634209366 -73.996582 40.742799
1499 1 3628108938 -73.964783 40.63325
1325 2 3669429827 -73.921238 40.680633
2000 2 3686481741 -73.949829 40.727215
1950 2 3666323251 -73.918545 40.712432
1695 3 3686479785 -73.905654 40.680118
1500 3 3639971611 -73.897518 40.927292
1500 3 3640327634 -73.897518 40.927292
2000 2 3686475527 -73.949829 40.727215
1500 3 3640339239 -73.897518 40.927292
1799 1 3676554145 -73.952751 40.675362
1950 2 3650841322 -73.918545 40.712432
1950 2 3633230425 -73.936994 40.665507
1999 2 3665921057 -73.920092 40.702234
1899 2 3680669131 -73.913904 40.68705
1899 2 3680658809 -73.913904 40.68705
1750 1 3686467961 -74.029871 40.623166
1899 2 3680646324 -73.913904 40.68705
2000 2 3686466517 -73.949829 40.727215
1999 3 3665891761 -73.941865 40.672956
1699 2 3686464618 -73.937166 40.663731
1795 2 3686464022 -73.946907 40.678399
2000 2 3659969367 -73.958595 40.681722
2000 2 3652423234 -73.953381 40.680633
2000 2 3652429983 -73.953381 40.680633
1800 2 3628250038 -73.944615 40.69278
2000 2 3673608614 -73.9551 40.680977
2000 2 3686461695 -73.949829 40.727215
1899 2 3649955309 -73.928629 40.693238
1995 2 3660765717 -73.953782 40.681092
2000 2 3660751191 -73.953381 40.680633
1499 2 3666014132 -73.948797 40.710427
1999 2 3666033949 -73.920092 40.702234
1899 2 3686457338 -73.913904 40.68705
1825 1 3686457186 -73.963121 40.67456
1025 2 3682389020 -73.193467 41.214974
1225 3 3626115818 -73.198452 41.19979
1699 2 3644307668 -73.937166 40.663731
1250 3 3626111068 -73.198452 41.19979
1899 2 3686454822 -73.913904 40.68705
1899 2 3686453026 -73.913904 40.68705
1375 1 3681916460 -73.94748 40.672383
1950 2 3681915112 -73.93688 40.666424
1595 2 3632936725 -73.92353 40.68705
1995 1 3671536766 -73.952464 40.695014
1375 1 3680709063 -73.94748 40.672383
1699 1 3681975103 -73.934187 40.691061
1579 1 3686450547 -73.943469 40.815622
1950 2 3669947447 -73.937281 40.665622
1500 1 3641387530 -73.946219 40.694957
1795 2 3681126289 -73.902674 40.675763
1695 1 3675547526 -73.95235 40.69427
1995 4 3686444467 -73.913961 40.689399
1500 1 3672410640 -73.946219 40.694957
1500 1 3677663889 -73.946219 40.694957
1950 1 3682010062 -73.989305 40.757925
1695 3 3661398673 -73.905654 40.680118
1500 1 3661459135 -73.946219 40.694957
1899 2 3680709723 -73.913904 40.68705
1899 2 3680699451 -73.913904 40.68705
1899 2 3673081705 -73.913904 40.68705
1899 2 3673077589 -73.913904 40.68705
1495 1 3676594613 -73.842628 40.792532
1775 2 3686437460 -73.925936 40.682295
1995 2 3631089385 -73.913961 40.689399
1600 1 3681993324 -73.941979 40.838197
1994 1 3686435557 -73.953037 40.672669
1899 2 3686430235 -73.913904 40.68705
1799 1 3682337069 -73.952751 40.675362
1899 2 3686429028 -73.913904 40.68705
1600 2 3634508515 -73.92353 40.68705
1899 2 3686427026 -73.913904 40.68705
1825 1 3686426337 -73.963121 40.67456
1895 2 3667847078 -73.953839 40.682868
1845 2 3672613499 -73.949599 40.679659
1845 2 3681644296 -73.949599 40.679659
1895 2 3676656313 -73.953839 40.682868
1245 1 3636597194 -73.932239 40.683842
1699 2 3686420908 -73.937166 40.663731
1799 2 3686418426 -73.906398 40.68281
1499 1 3686400249 -73.827158 40.754487
1499 1 3686399608 -73.827158 40.754487
1499 1 3686399137 -73.827158 40.754487
1499 1 3686393599 -73.827158 40.754487
1499 1 3686393414 -73.957334 40.67244
1850 2 3686392369 -73.926681 40.685962
1850 2 3686386493 -73.926681 40.685962
1825 2 3686283928 -73.905768 40.689342
1899 2 3686279026 -73.925134 40.698108
1750 1 3643354870 -73.937797 40.696676
1925 1 3680966122 -73.96209 40.763712
2000 1 3643749173 -73.937797 40.696676
1790 1 3648106703 -73.938541 40.707791
1375 1 3681081523 -73.995665 40.6627
1950 2 3686264329 -73.936994 40.665507
1650 2 3686243609 -73.912128 40.705442
1950 1 3686240260 -73.956819 40.686993
1850 2 3686230273 -73.926681 40.685962
1695 1 3686224654 -73.831742 40.70613
1999 2 3686218065 -73.943813 40.710885
1645 1 3618803152 -73.895799 40.750591
1795 2 3679463313 -73.902674 40.675763
1695 1 3675119924 -73.95235 40.69427
1500 1 3665380376 -73.946219 40.694957
1695 3 3674889654 -73.905654 40.680118
1695 3 3675246448 -73.905654 40.680118
1999 2 3686213979 -73.943813 40.710885
1550 1 3686213636 -73.952522 40.826451
1325 1 3681106590 -73.956303 40.655079
1950 3 3686209602 -73.688904 40.714094
1899 2 3686207503 -73.925134 40.698108
1999 2 3686203534 -73.926165 40.703265
1450 1 3663772721 -73.95361 40.666424
1799 2 3686199354 -73.954985 40.688712
1695 3 3686198727 -73.92267 40.682696
1957 2 3674978015 -73.927254 40.69616
1695 1 3686198371 -73.916483 40.74469
1699 3 3686197923 -73.92267 40.682696
1957 2 3675047797 -73.927254 40.69616
1275 1 3686197508 -73.83644 40.9144
1900 2 3676135628 -73.922728 40.693582
1900 2 3676128091 -73.922728 40.693582
1900 2 3680928841 -73.922728 40.693582
1900 2 3680937168 -73.922728 40.693582
1300 1 3674903787 -73.928457 40.695186
1300 1 3674898329 -73.928457 40.695186
1898 1 3686193576 -73.98581 40.735179
1799 2 3686193322 -73.927598 40.701775
1625 2 3686189477 -73.834034 40.913025
1800 2 3686189351 -73.916196 40.690717
1799 2 3686187432 -73.927598 40.701775
1295 1 3686180844 -73.950631 40.672383
1900 2 3681120807 -73.922728 40.693582
1900 2 3681121754 -73.922728 40.693582
1695 3 3681350362 -73.905654 40.680118
1500 1 3681344181 -73.946219 40.694957
1795 2 3681378071 -73.902674 40.675763
1600 1 3681317816 -73.95235 40.69427
1299 1 3686173649 -73.933499 40.664533
1695 1 3677628431 -73.95235 40.69427
1999 2 3686170131 -73.926165 40.703265
1695 1 3677575805 -73.95235 40.69427
1898 2 3667090157 -73.927254 40.69616
1695 3 3661474146 -73.905654 40.680118
1695 1 3677674899 -73.95235 40.69427
1500 1 3661522620 -73.946219 40.694957
1695 3 3680526556 -73.905654 40.680118
1500 1 3680334421 -73.946219 40.694957
1695 1 3680323330 -73.95235 40.69427
1795 2 3680317748 -73.902674 40.675763
1695 1 3680563847 -73.95235 40.69427
1795 2 3680551283 -73.902674 40.675763
1500 1 3680581497 -73.946219 40.694957
1695 3 3680586815 -73.905654 40.680118
1850 2 3686165532 -73.926681 40.685962
1950 2 3686161752 -73.936994 40.665507
1750 1 3678495553 -73.942953 40.705901
1750 1 3676095137 -73.942953 40.705901
1799 2 3686135410 -73.954985 40.688712
1899 2 3686130394 -73.925134 40.698108
1799 2 3631514315 -73.945589 40.684587
1699 1 3627465160 -73.947881 40.682581
1399 1 3642600158 -73.945531 40.684644
1950 2 3686124493 -73.936994 40.665507
1950 1 3671596122 -73.956532 40.68579
1950 1 3671591315 -73.956475 40.68579
1950 1 3686122041 -73.956819 40.686993
1699 1 3627941862 -73.951777 40.682524
1699 1 3628186740 -73.947881 40.68281
1399 1 3631359038 -73.945589 40.684701
1650 2 3686119038 -73.912128 40.705442
1950 1 3671587658 -73.956475 40.68579
1950 1 3671583532 -73.956532 40.685503
1850 3 3664076386 -73.821257 40.715354
1699 1 3635631645 -73.948282 40.682696
1795 2 3680414354 -73.902674 40.675763
1500 1 3680447334 -73.946219 40.694957
1695 3 3680392637 -73.905654 40.680118
1695 1 3680429645 -73.95235 40.69427
1450 1 3642223328 -73.945646 40.684644
1450 1 3642243988 -73.945646 40.684644
1399 1 3646718362 -73.946047 40.684243
1995 1 3630694923 -73.987071 40.713636
1275 2 3686106331 -74.071926 40.721772
1850 2 3686104995 -73.926681 40.685962
1800 2 3686101283 -73.960543 40.660522
1399 1 3655822174 -73.947021 40.684357
1950 1 3671572237 -73.956475 40.68579
1700 3 3681513327 -73.963121 40.644537
1950 1 3671568044 -73.956532 40.68579
1699 1 3628941025 -73.951891 40.682467
1799 2 3631320120 -73.945302 40.684644
1399 1 3631307325 -73.945531 40.684587
1950 1 3671563003 -73.956532 40.685904
1950 1 3671552854 -73.956418 40.685733
2000 1 3686082258 -73.954126 40.821409
2000 1 3686080791 -73.954126 40.821409
1999 2 3686080377 -73.943813 40.710885
1900 2 3664287086 -73.927598 40.696332
1825 1 3686076658 -73.963121 40.67456
2000 1 3686071967 -73.954126 40.821409
1899 2 3686066248 -73.925134 40.698108
1790 1 3648111618 -73.938713 40.706989
1799 2 3686063210 -73.954985 40.688712
1699 2 3686060773 -73.937166 40.663731
1799 2 3686055355 -73.927598 40.701775
1300 1 3686055037 -73.934301 40.664476
1999 2 3686052661 -73.926165 40.703265
1800 2 3686050326 -73.916196 40.690717
1500 1 3680657387 -73.946219 40.694957
1695 3 3680666944 -73.905654 40.680118
1795 2 3680860829 -73.902674 40.675763
1600 1 3680874258 -73.95235 40.69427
1500 1 3680915544 -73.946219 40.694957
1695 3 3680923296 -73.905654 40.680118
1500 1 3681000125 -73.946219 40.694957
1695 3 3681182153 -73.905654 40.680118
1945 2 3673007329 -73.914534 40.68642
1950 3 3686043956 -73.688904 40.714094
1999 2 3686035378 -73.943813 40.710885
1100 2 3675785309 -73.179086 41.196009
1100 2 3652484609 -73.179258 41.196123
1700 2 3622835953 -73.94536 40.638807
1800 3 3631165319 -73.94536 40.638807
1500 2 3624008528 -73.94536 40.638807
1300 1 3686031013 -73.937052 40.664648
1500 1 3679151958 -73.956475 40.655022
1925 2 3658174019 -73.936823 40.667341
1845 1 3673003292 -73.929718 40.693869
1999 2 3686019986 -73.926165 40.703265
1850 2 3686011240 -73.926681 40.685962
1299 1 3679429996 -73.936593 40.670033
1899 2 3686008237 -73.925134 40.698108
1799 2 3648108932 -73.942953 40.693066
1695 1 3686007726 -73.953095 40.676279
1650 2 3686006039 -73.895799 40.951986
1150 3 3676080345 -74.094214 40.697077
1900 2 3686005789 -73.907659 40.775916
1799 2 3686004986 -73.927598 40.701775
1900 2 3686003145 -73.922728 40.693582
1900 2 3685991416 -73.927254 40.69616
1699 2 3678860974 -73.937166 40.663731
1799 2 3685985990 -73.954985 40.688712
1699 2 3678960311 -73.937166 40.663731
1699 2 3679175323 -73.937166 40.663731
1950 1 3623366358 -74.00065 40.785141
1699 2 3679795030 -73.937166 40.663731
1900 2 3650970152 -74.169271 40.734778
1299 1 3685977733 -73.934301 40.664476
1900 3 3685972988 -73.909836 40.685446
2000 2 3685969590 -73.909836 40.685331
1699 2 3672464864 -73.928744 40.681263
1850 2 3685966882 -73.950402 40.670721
1799 1 3681361868 -73.952751 40.675362
1787 1 3656294151 -73.95636 40.675076
1950 2 3685962615 -73.936994 40.665507
1850 2 3685962254 -73.950402 40.670721
1650 2 3685959407 -73.912128 40.705442
1350 1 3680669162 -73.961345 40.652272
1650 2 3646866137 -73.950573 40.668945
1325 1 3681117465 -73.95785 40.653647
2000 2 3685957315 -73.909893 40.685274
1899 2 3665719246 -73.915508 40.68579
1950 2 3685956218 -73.936994 40.665507
2000 2 3685955739 -73.909893 40.685217
1750 1 3665443235 -73.942953 40.705901
1950 1 3685951319 -73.956819 40.686993
1850 2 3685947159 -73.950631 40.670836
1600 1 3680965972 -73.95235 40.69427
1500 1 3676065590 -73.946219 40.694957
1500 1 3675894000 -73.946219 40.694957
1845 2 3676759634 -73.949599 40.679659
1895 2 3658362504 -73.953839 40.682868
1895 2 3658581568 -73.953839 40.682868
1850 2 3685944051 -73.926681 40.685962
1800 2 3655265270 -73.942781 40.692379
1245 1 3658552773 -73.932239 40.683842
1800 2 3655662833 -73.942781 40.692379
1795 2 3680358461 -73.902674 40.675763
1695 3 3680334442 -73.905654 40.680118
1975 1 3679769022 -73.955673 40.692092
1975 1 3679815328 -73.955673 40.692092
1400 1 3667735175 -73.952522 40.666367
1750 2 3671952633 -73.626222 41.042685
1795 2 3681564550 -73.902674 40.675763
1975 1 3680495720 -73.955673 40.692092
1975 2 3680529529 -73.942953 40.693066
1975 2 3681848792 -73.94301 40.693467
1695 1 3677223406 -73.95235 40.69427
1900 3 3646852559 -73.923415 40.686363
1500 1 3656205967 -73.946219 40.694957
1695 3 3656591741 -73.905654 40.680118
1350 1 3644830827 -73.923415 40.686363
1500 1 3672111917 -73.946219 40.694957
1350 1 3645465444 -73.923415 40.686363
1900 3 3650926220 -73.923415 40.686363
1900 3 3650922284 -73.923415 40.686363
1850 1 3670892283 -73.929718 40.693869
1900 3 3670898699 -73.923874 40.686305
1900 3 3671415911 -73.923874 40.686305
1950 2 3676384881 -73.914305 40.686649
1400 1 3676354996 -73.952522 40.666367
1400 1 3676349675 -73.952522 40.666367
1950 2 3676290376 -73.951719 40.658632
1950 2 3676286961 -73.951719 40.658632
1775 1 3658829604 -73.911498 40.889648
1296 1 3626021330 -73.916196 40.882601
1995 1 3685929932 -73.967189 40.6737
1450 1 3655370124 -73.903992 40.888159
1675 1 3620451933 -73.895856 40.891997
1296 1 3623555117 -73.903706 40.874293
1750 1 3654793149 -73.907201 40.885179
1750 1 3658802763 -73.907201 40.885179
1450 1 3658793141 -73.903992 40.888159
1450 1 3681264789 -73.950917 40.665393
1200 1 3651847783 -73.849389 40.905748
1999 2 3685922647 -73.926165 40.703265
1375 1 3648030840 -73.896715 40.895779
1700 2 3674859460 -73.952923 40.66545
1450 1 3671410828 -73.95361 40.666424
1750 1 3641907345 -73.913732 40.88432
2000 3 3680955806 -73.947308 40.674159
1296 1 3631162086 -73.903706 40.874293
1750 1 3641909484 -73.913732 40.88432
1495 1 3633489217 -73.931093 40.668773
1296 1 3641372070 -73.915795 40.882486
1499 2 3685908387 -73.906398 40.68281
1950 3 3685908021 -73.688904 40.714094
1699 2 3685899318 -73.937166 40.663731
1945 2 3641439108 -73.914477 40.686477
1945 2 3641437895 -73.915279 40.685618
1945 2 3641436671 -73.914534 40.686305
1300 1 3675923286 -73.928457 40.695186
1450 1 3685895682 -73.916139 40.688311
1950 2 3685893666 -73.920894 40.700228
1550 1 3641342512 -73.946219 40.694957
1550 1 3641339064 -73.946219 40.694957
1550 1 3641335309 -73.946219 40.694957
1495 1 3641332294 -73.946219 40.694957
1600 1 3685891527 -73.922097 40.708479
1900 2 3675325753 -73.927254 40.69616
1900 2 3675332383 -73.927254 40.69616
1900 2 3675389896 -73.927254 40.69616
1550 1 3632467633 -73.946219 40.694957
1799 2 3685884612 -73.954985 40.688712
1550 1 3632463766 -73.946219 40.694957
1900 2 3676616709 -73.922728 40.693582
1945 2 3636714881 -73.915279 40.685618
1795 2 3650714299 -73.960772 40.654449
1600 1 3663902779 -73.922097 40.708479
1450 2 3639688913 -73.920952 40.659262
1075 1 3685879785 -73.922728 40.662241
1945 2 3636712603 -73.915279 40.685618
1900 2 3677049515 -73.913904 40.68705
1899 2 3665852637 -73.927827 40.697822
1799 2 3685877790 -73.927598 40.701775
1900 2 3662849527 -73.927827 40.697822
1900 2 3676008469 -73.922728 40.693582
1900 2 3676622513 -73.922728 40.693582
1945 2 3636710477 -73.915279 40.685618
1795 2 3627379676 -73.943583 40.681779
1945 2 3632458761 -73.915279 40.685618
1945 2 3632456586 -73.915279 40.685618
1795 2 3627393445 -73.943583 40.681779
1800 2 3685870649 -73.916196 40.690717
1999 2 3685866593 -73.926165 40.703265
1850 2 3685863012 -73.926681 40.685962
1650 3 3685861449 -74.099313 40.643162
1299 1 3685859739 -73.931551 40.664361
1400 1 3685852813 -73.926223 40.862146
1800 2 3685850848 -73.942953 40.693066
1999 2 3685845439 -73.943813 40.710885
1850 1 3685844360 -73.97607 40.745492
1799 2 3685832140 -73.954985 40.688712
1800 3 3685829901 -73.938369 40.83791
1999 2 3685824773 -73.926165 40.703265
1950 3 3685820929 -73.688904 40.714094
1499 2 3678788910 -73.906398 40.68281
1499 2 3685812715 -73.906398 40.68281
1799 2 3685809718 -73.927598 40.701775
1499 2 3679220817 -73.906398 40.68281
1899 2 3685805791 -73.925134 40.698108
1899 2 3685802123 -73.925134 40.698108
1900 2 3642545341 -73.927254 40.69616
1550 1 3685797287 -74.026376 40.618238
1799 1 3645727077 -73.927598 40.701775
1999 2 3685794642 -73.943813 40.710885
1850 2 3685787275 -73.926681 40.685962
1499 2 3685784808 -73.906398 40.68281
1500 2 3679825435 -73.111706 41.290833
1800 2 3685771658 -73.91992 40.690488
1450 1 3630974151 -73.95086 40.686936
1450 1 3644749605 -73.95086 40.686936
1450 1 3637855133 -73.95086 40.686936
1799 2 3680712614 -73.927598 40.701775
1050 1 3646736609 -74.065738 40.723089
1395 1 3659398410 -73.916941 40.691118
1395 1 3659397116 -73.916941 40.691118
1395 1 3659395577 -73.916941 40.691118
1600 2 3659137192 -73.916941 40.691118
1499 2 3679247796 -73.906398 40.68281
1600 2 3657328034 -73.916941 40.691118
1600 2 3657327269 -73.916941 40.691118
1950 2 3685762117 -73.936994 40.665507
1799 2 3651606489 -73.927598 40.701775
1799 2 3660867737 -73.927598 40.701775
1950 2 3685758210 -73.936994 40.665507
1949 2 3685754801 -73.936994 40.665507
1650 1 3663326475 -73.905825 40.69404
1650 2 3685754155 -73.912128 40.705442
1850 2 3685750885 -73.926681 40.685962
1799 2 3647696296 -73.927598 40.701775
1950 1 3685750066 -73.956819 40.686993
1800 2 3644550396 -73.942953 40.693066
1500 2 3679285204 -73.906398 40.68281
1995 1 3651802422 -73.95659 40.821695
1800 2 3676826651 -73.91992 40.690488
1950 2 3685737855 -73.936994 40.665507
1400 1 3685732772 -73.947021 40.684357
1799 2 3685729921 -73.954985 40.688712
1699 2 3685729438 -73.937166 40.663731
1999 2 3685725816 -73.926165 40.703265
1399 1 3642107475 -73.944156 40.684701
1799 2 3685717701 -73.927598 40.701775
1775 2 3685716116 -73.925936 40.682295
1950 3 3639871830 -73.935848 40.687165
1975 1 3685708130 -73.955386 40.690889
1995 1 3669926700 -73.953037 40.672669
1799 2 3685696678 -73.927598 40.701775
1975 1 3685693290 -73.964038 40.693639
1899 2 3685692473 -73.925134 40.698108
1950 1 3669083157 -73.929718 40.693869
1900 2 3669084172 -73.919347 40.701833
2000 3 3669085073 -73.919347 40.701833
1550 1 3669086363 -73.929718 40.693869
1950 1 3669745768 -73.929718 40.693869
1900 2 3669750558 -73.919347 40.701833
2000 3 3669755308 -73.919347 40.701833
1550 1 3669760547 -73.929718 40.693869
1950 1 3669856436 -73.929718 40.693869
1900 2 3669861928 -73.919347 40.701833
2000 3 3669866184 -73.919347 40.701833
1550 1 3669871922 -73.929718 40.693869
1500 2 3678933071 -73.906398 40.68281
1799 1 3685685500 -73.952751 40.675362
1950 1 3669948866 -73.929718 40.693869
1900 2 3669953276 -73.919347 40.701833
2000 3 3669958330 -73.919347 40.701833
1950 1 3670022112 -73.929718 40.693869
1900 2 3670026384 -73.919347 40.701833
2000 3 3670031326 -73.919347 40.701833
1550 1 3670035455 -73.929718 40.693869
1550 1 3665230388 -73.929718 40.693869
1950 1 3670162389 -73.929718 40.693869
2000 3 3665224126 -73.919347 40.701833
1900 2 3665218806 -73.919347 40.701833
1950 1 3665207528 -73.929718 40.693869
1550 1 3665110243 -73.929718 40.693869
2000 3 3665105623 -73.919347 40.701833
1900 2 3665100428 -73.919347 40.701833
1950 1 3665089891 -73.929718 40.693869
1550 1 3663018637 -73.929718 40.693869
1950 1 3663012440 -73.929718 40.693869
1550 1 3663000111 -73.929718 40.693869
1999 2 3685676020 -73.943813 40.710885
1775 1 3659870962 -73.92416 40.753972
1950 2 3685674657 -73.953839 40.682868
1850 2 3685673148 -73.926681 40.685962
1799 2 3685671705 -73.954985 40.688712
1975 1 3685670480 -73.955845 40.693009
1400 1 3685669984 -73.916941 40.691118
1950 1 3662993531 -73.929718 40.693869
1550 1 3662981764 -73.929718 40.693869
1950 1 3662975120 -73.929718 40.693869
1550 1 3662949432 -73.929718 40.693869
1950 1 3662169190 -73.929718 40.693869
1950 1 3662161114 -73.929718 40.693869
1550 1 3662153281 -73.929718 40.693869
1900 2 3670167305 -73.919347 40.701833
1950 1 3662151634 -73.929718 40.693869
1150 3 3637227030 -74.094099 40.696848
2000 3 3670171260 -73.919347 40.701833
1950 3 3685663047 -73.984951 40.712375
1650 1 3646523299 -73.895799 40.750591
1700 2 3659420067 -73.942953 40.693066
1550 1 3670177126 -73.929718 40.693869
2000 3 3659398789 -73.919347 40.701833
1900 2 3659394968 -73.919347 40.701833
1950 1 3659386896 -73.929718 40.693869
1800 2 3659373631 -73.914076 40.701202
1700 2 3658493707 -73.942953 40.693066
1999 2 3685654558 -73.981571 40.720053
1945 2 3685650526 -73.953839 40.682868
1999 2 3685650365 -73.926165 40.703265
1800 2 3685643972 -73.942953 40.693066
1800 2 3685641409 -73.944214 40.692952
1800 2 3685641047 -73.944156 40.684701
1800 2 3685639042 -73.942953 40.693066
1800 2 3685637525 -73.943412 40.693066
1999 3 3620079008 -73.921181 40.69278
2000 3 3666120960 -73.9229 40.684071
2000 3 3667008652 -73.9229 40.684071
1900 3 3631565693 -73.928629 40.693238
2000 2 3644587416 -73.953381 40.680633
2000 3 3631454874 -73.9229 40.684071
2000 3 3652638820 -73.9229 40.684071
2000 3 3661771200 -73.9229 40.684071
2000 2 3661752650 -73.958595 40.681722
1949 2 3685632921 -73.936994 40.665507
1800 2 3685631792 -73.945761 40.69278
1400 1 3649437718 -73.923243 40.685962
1950 2 3685617291 -73.936994 40.665507
1350 1 3685612216 -73.979164 40.707734
1550 1 3658473652 -73.929718 40.693869
2000 3 3658467405 -73.919347 40.701833
1395 1 3685611103 -73.916941 40.691118
1900 2 3658461420 -73.919347 40.701833
1950 1 3658448956 -73.929718 40.693869
1800 2 3658432211 -73.914076 40.701202
1700 2 3658296711 -73.942953 40.693066
1550 1 3658276626 -73.929718 40.693869
2000 3 3658271569 -73.919347 40.701833
1900 2 3658266569 -73.919347 40.701833
1400 1 3685609215 -73.916941 40.691118
1650 2 3685608291 -73.912128 40.705442
1700 2 3657488679 -73.942953 40.693066
1900 2 3657481283 -73.919347 40.701833
2000 2 3659966980 -73.953381 40.680633
1950 1 3657479369 -73.929718 40.693869
1400 1 3648905635 -73.956991 40.687852
1400 1 3648906356 -73.956991 40.687852
1550 1 3657423577 -73.929718 40.693869
1900 2 3657420505 -73.919347 40.701833
1950 1 3657417407 -73.929718 40.693869
1700 2 3657385984 -73.942953 40.693066
1900 2 3657375864 -73.919347 40.701833
1950 1 3657372894 -73.929718 40.693869
1800 2 3685602450 -73.91992 40.690488
1950 1 3671096278 -73.929718 40.693869
1900 2 3671098227 -73.919347 40.701833
2000 3 3671100101 -73.919347 40.701833
1550 1 3671102285 -73.929718 40.693869
1950 1 3671127686 -73.929718 40.693869
1900 2 3671129416 -73.919347 40.701833
1950 1 3685599669 -73.956819 40.686993
1300 1 3685599621 -73.934301 40.664476
1950 1 3681017638 -73.929718 40.693869
1900 2 3681022271 -73.919347 40.701833
2000 3 3681028160 -73.919347 40.701833
1550 1 3681033667 -73.929718 40.693869
1950 2 3653498796 -73.936994 40.665507
1800 2 3685597036 -73.94324 40.693009
1950 1 3681118529 -73.929718 40.693869
1900 2 3681123163 -73.919347 40.701833
2000 3 3681127667 -73.919347 40.701833
1550 1 3681133077 -73.929718 40.693869
1800 2 3685595817 -73.945761 40.69278
1950 1 3681206734 -73.929718 40.693869
1900 2 3681211063 -73.919347 40.701833
2000 3 3681215074 -73.919347 40.701833
1800 2 3685590952 -73.943297 40.693009
1800 2 3685587804 -73.944557 40.692895
1799 2 3685585896 -73.927598 40.701775
1650 1 3672186600 -73.905825 40.69404
1799 2 3685576392 -73.927598 40.701775
1850 2 3685571715 -73.926681 40.685962
1799 2 3681415260 -73.927598 40.701775
1800 2 3647976089 -73.943125 40.693811
1499 2 3679167304 -73.906398 40.68281
1800 2 3665350756 -73.943125 40.693811
1800 2 3665248565 -73.943125 40.693811
1800 2 3647902156 -73.943125 40.693811
1800 2 3665403655 -73.943125 40.693811
1875 2 3647031193 -73.95149 40.689858
1875 2 3640223085 -73.95149 40.689858
1800 2 3665762874 -73.943125 40.693811
2000 3 3669270789 -74.151854 40.556702
1695 1 3680055845 -73.973435 40.696103
1695 1 3680048087 -73.973435 40.696103
1500 1 3639210206 -73.946219 40.694957
1899 2 3685543884 -73.925134 40.698108
1798 2 3653053988 -73.945761 40.69278
1799 2 3685534285 -73.954985 40.688712
1299 1 3685533809 -73.931551 40.664361
1695 1 3680026694 -73.973435 40.696103
1695 1 3680019540 -73.973435 40.696103
1695 1 3668805015 -73.973435 40.696103
1999 2 3685529378 -73.943813 40.710885
1695 1 3668815654 -73.973435 40.696103
1875 2 3641170545 -73.95149 40.689858
1800 2 3665034747 -73.943125 40.693811
1800 2 3665787275 -73.943125 40.693811
1695 1 3669649272 -73.973435 40.696103
1875 2 3643748558 -73.95149 40.689858
1875 2 3644823115 -73.95149 40.689858
2000 2 3672794326 -73.928285 40.669575
1800 2 3675293118 -73.942953 40.693066
1650 2 3685525707 -73.919175 40.690087
1499 2 3679182393 -73.906398 40.68281
2000 2 3673844847 -73.928285 40.669575
1875 2 3638173983 -73.95149 40.689858
1880 2 3642218422 -73.95149 40.689858
2000 2 3671617417 -73.928285 40.669575
2000 2 3671597147 -73.928285 40.669575
1195 1 3669450334 -73.804756 41.291234
1695 1 3670722962 -73.973435 40.696103
1100 1 3685519130 -73.896887 40.914515
1875 2 3619605785 -73.95149 40.689858
1875 2 3646826085 -73.95149 40.689858
1799 2 3685515321 -73.954985 40.688712
1950 2 3665210802 -73.936994 40.665507
1100 1 3685511044 -73.896887 40.914515
1875 2 3619662641 -73.95149 40.689858
1699 2 3685510906 -73.937166 40.663731
1875 2 3666074848 -73.95149 40.689858
1699 2 3667316388 -73.937166 40.663731
1699 2 3667312467 -73.937166 40.663731
1950 2 3667228304 -73.936994 40.665507
1950 2 3662571143 -73.937166 40.663731
1950 2 3656443888 -73.936994 40.665507
1699 2 3667473546 -73.937166 40.663731
1699 2 3667469001 -73.937166 40.663731
1699 2 3667462541 -73.937166 40.663731
1700 2 3639469898 -73.914076 40.704755
1700 2 3667784647 -73.942094 40.688712
1999 2 3685499713 -73.943813 40.710885
1650 2 3685498908 -73.923243 40.685618
1650 2 3685493514 -73.923243 40.685618
2000 2 3681203500 -73.925478 40.669461
1125 1 3680248000 -73.811631 40.767207
1300 1 3685486649 -73.931551 40.664361
1595 2 3634588697 -73.916941 40.691118
1595 2 3634584104 -73.916941 40.691118
1595 2 3634586371 -73.916941 40.691118
1395 1 3632499352 -73.916941 40.691118
1395 1 3659145628 -73.916941 40.691118
1950 2 3685474225 -73.936994 40.665507
1799 2 3685474173 -73.907602 40.689972
1850 2 3632975135 -73.926681 40.685962
1795 2 3671956153 -73.943125 40.693811
1435 1 3685468711 -73.450668 41.393565
1750 1 3685461926 -73.937797 40.696676
1950 1 3685459137 -73.956819 40.686993
1380 1 3685457443 -73.19192 41.226719
1895 2 3658355021 -73.953839 40.682868
1800 2 3685456492 -73.916196 40.690717
1975 1 3680705691 -73.955386 40.690889
1650 2 3685454444 -73.912128 40.705442
1800 2 3685453641 -73.94387 40.692952
2000 2 3675984088 -73.924561 40.704812
1800 2 3685439253 -73.945073 40.69278
1500 2 3681057201 -73.906398 40.68281
1850 2 3685434893 -73.926681 40.685962
1800 2 3685433651 -73.944844 40.69278
1800 2 3685431290 -73.943698 40.693009
1799 2 3685430076 -73.927598 40.701775
1999 2 3685425196 -73.926165 40.703265
1975 3 3678950943 -73.923415 40.686363
1700 1 3685421928 -73.943813 40.838254
1999 2 3685420586 -73.926165 40.703265
1500 1 3685417389 -73.860906 41.158251
1800 2 3685414851 -73.944271 40.693009
1995 1 3627173182 -73.970742 40.755805
1899 2 3685405817 -73.925134 40.698108
1799 2 3685400991 -73.927598 40.701775
1600 2 3685399973 -74.003916 40.65124
1782 2 3685394323 -73.45084 41.093908
1950 2 3651289079 -73.936994 40.665507
1999 2 3685390890 -73.943813 40.710885
1850 1 3685386733 -73.925249 40.702749
2000 3 3685384263 -74.030329 40.625114
1900 2 3675291580 -73.868297 40.73197
1800 2 3676345390 -73.91992 40.690488
2000 2 3676484482 -73.928285 40.669575
1875 2 3640488390 -73.95149 40.689858
1400 1 3661143413 -73.947021 40.684357
1700 2 3665900246 -73.943125 40.693811
1900 2 3639463733 -73.929317 40.69765
1700 2 3668005201 -73.943125 40.693811
1700 2 3668048050 -73.943125 40.693811
1875 2 3645823945 -73.95149 40.689858
1875 2 3618924217 -73.95149 40.689858
1875 2 3644356613 -73.95149 40.689858
1875 2 3644965408 -73.95149 40.689858
1875 2 3619375605 -73.95149 40.689858
2000 2 3670907283 -73.928285 40.669575
2000 2 3681074648 -73.928285 40.669575
1300 2 3685365117 -73.906685 40.742226
1499 1 3678159452 -73.952808 40.653991
1000 1 3659078581 -73.907602 40.862834
1999 1 3635986195 -73.953381 40.680633
1000 1 3674108658 -73.90382 40.82817
1595 1 3685358358 -73.93602 40.81207
1700 2 3685354263 -73.956303 40.655022
1595 1 3685354210 -73.93602 40.81207
1999 2 3685353501 -73.943813 40.710885
1700 2 3639061836 -73.9178 40.700973
1875 2 3643175892 -73.95149 40.689858
1400 1 3661309967 -73.947021 40.684357
1900 2 3661152340 -73.918373 40.698796
1775 2 3685346984 -73.916196 40.690717
1400 1 3685346414 -73.947021 40.684357
1800 2 3681173119 -73.91992 40.690488
1899 2 3685343302 -73.925134 40.698108
1675 2 3685341614 -73.960027 40.644881
1850 2 3685338283 -73.926681 40.685962
1975 1 3681110170 -73.955845 40.693009
1975 1 3680809097 -73.955386 40.690889
1900 2 3676706748 -73.922728 40.693582
1925 1 3680933999 -73.96209 40.763712
1900 2 3676710353 -73.922728 40.693582
1799 2 3685333244 -73.954985 40.688712
1500 1 3685330701 -73.954928 40.70739
1650 1 3685327045 -74.069691 40.609758
1799 2 3685323242 -73.954985 40.688712
1650 1 3685321443 -74.069691 40.609758
1150 3 3621414495 -74.094099 40.696848
1999 2 3685318142 -73.926165 40.703265
1399 1 3633611696 -73.944156 40.684701
1999 1 3680720057 -73.958595 40.681722
1500 2 3685309470 -74.043393 40.755232
1950 2 3678876030 -73.93688 40.666424
2000 1 3685296856 -73.948454 40.691691
1850 2 3685289897 -73.929603 40.685618
1800 2 3633280420 -73.944615 40.69278
2000 2 3653796031 -73.953381 40.680633
1325 1 3685287684 -73.957277 40.654965
1100 2 3655232323 -74.056284 40.74469
1799 2 3685278841 -73.927598 40.701775
1850 1 3663112293 -73.923072 40.699197
1899 2 3685273461 -73.925134 40.698108
1985 1 3685273105 -73.54045 41.041253
1899 2 3672079292 -73.913904 40.68705
1650 1 3662824403 -73.905825 40.69404
2000 1 3647761319 -73.937797 40.696676
1750 1 3647375413 -73.937797 40.696676
2000 3 3639029004 -73.908862 40.694671
2000 2 3642140445 -73.950688 40.680519
1799 1 3675777872 -73.956074 40.675935
1499 1 3671417268 -73.952808 40.653991
1499 1 3685211261 -73.827158 40.754487
1649 1 3678255548 -73.930692 40.663616
1950 1 3685207392 -73.956819 40.686993
1800 2 3685203326 -73.943641 40.693009
1850 1 3667196919 -73.923072 40.699197
1650 2 3685201939 -73.912128 40.705442
1995 3 3654096882 -73.954584 40.662814
1499 1 3685199852 -73.957334 40.67244
2000 2 3636378841 -73.900554 40.836592
1950 2 3685196440 -73.936994 40.665507
1950 3 3685190919 -73.688904 40.714094
1695 1 3685185045 -73.973435 40.696103
1880 1 3685184132 -73.54744 41.03432
1800 2 3685183667 -73.942953 40.693066
1700 3 3661737313 -73.92777 40.691462
1799 2 3667748012 -73.927598 40.701775
1800 2 3685172208 -73.942953 40.693066
2000 2 3670024830 -73.927655 40.704067
1975 3 3643013024 -73.923415 40.686363
1999 2 3685169465 -73.926165 40.703265
1800 2 3685168430 -73.945761 40.69278
1500 1 3680049578 -73.952522 40.826451
1800 2 3685162258 -73.942953 40.693066
1695 1 3674155472 -73.831742 40.70613
1900 3 3685159495 -73.974179 40.583631
1095 1 3685156411 -73.902445 40.675878
1450 1 3630171587 -73.95086 40.686936
1450 1 3644458581 -73.95086 40.686936
1799 2 3679006630 -73.916196 40.690717
1450 1 3630160112 -73.95086 40.686936
1800 2 3685155009 -73.945761 40.69278
2000 2 3685154113 -73.786994 40.848567
1850 2 3685153504 -73.926681 40.685962
1395 1 3632212432 -73.916941 40.691118
1395 1 3632183176 -73.916941 40.691118
1700 1 3685152819 -73.844003 40.721428
1800 2 3628713988 -73.916196 40.690717
1999 2 3685148281 -73.943813 40.710885
1650 1 3685148079 -73.914534 40.884549
1650 2 3685147044 -73.923243 40.685618
1799 2 3669894400 -73.916196 40.690717
2000 2 3685144538 -73.910065 40.767207
1799 2 3680653663 -73.916196 40.690717
1650 2 3685140774 -73.923243 40.685618
1499 1 3685137919 -73.957334 40.67244
1700 1 3635959331 -73.923358 40.753571
1999 2 3685137086 -73.926165 40.703265
1750 3 3685136420 -73.938312 40.826508
1800 2 3680937109 -73.942953 40.693066
1895 2 3635725358 -73.953839 40.682868
1995 2 3663017225 -73.949599 40.679659
1695 1 3685131750 -73.973435 40.696103
1900 2 3675906825 -73.927254 40.69616
1695 1 3685130332 -73.973435 40.696103
1900 2 3675976070 -73.927254 40.69616
1900 2 3675979539 -73.927254 40.69616
1799 2 3685120711 -73.927598 40.701775
1900 2 3654709675 -73.921639 40.700687
1910 2 3685118306 -73.53495 41.055921
1889 2 3669449416 -73.921123 40.702348
1275 2 3685116353 -74.071926 40.721772
1900 2 3654645356 -73.908862 40.69341
1695 1 3685113839 -73.973435 40.696103
1800 1 3629744899 -73.909263 40.885752
1295 2 3645949255 -74.01337 40.787433
1195 1 3645943879 -74.012568 40.787089
1050 1 3645936327 -74.015089 40.786573
1560 1 3685106941 -73.45084 41.093908
1150 3 3675327864 -74.094214 40.697077
1100 1 3645919078 -74.017438 40.783651
1100 1 3645890984 -74.017438 40.783651
1050 1 3645883871 -74.017438 40.783651
1050 1 3645868249 -74.017438 40.783651
1050 1 3645862666 -74.016865 40.78176
1150 1 3667891306 -74.012338 40.794193
1050 1 3668886579 -74.012338 40.794193
1845 1 3685102418 -73.528877 41.058098
1050 1 3645843240 -74.016979 40.784224
1050 1 3645839534 -74.017896 40.783078
1050 1 3645834239 -74.012281 40.788808
1250 2 3668905467 -74.01887 40.781875
1150 1 3668919765 -74.017323 40.781187
1100 1 3645764944 -74.017323 40.781187
1800 2 3685093579 -73.945761 40.69278
1195 1 3645759594 -74.017323 40.781187
1899 2 3685092328 -73.925134 40.698108
1195 2 3668938067 -74.013542 40.785886
1325 1 3685090700 -74.071582 40.724464
1150 2 3645755060 -74.014516 40.784682
1150 1 3645747706 -74.014516 40.784682
1150 1 3668946247 -74.016406 40.782333
1800 2 3685087741 -73.942953 40.693066
1100 1 3661950500 -74.015375 40.781073
1295 2 3661938273 -74.015375 40.781073
1250 2 3661929097 -74.015375 40.781073
1150 1 3668955602 -74.011536 40.785771
1150 1 3668965929 -74.007927 40.786802
1499 1 3685078132 -73.957334 40.67244
1195 1 3661914566 -74.024313 40.779755
1899 2 3633160531 -73.926051 40.697994
1800 2 3685076755 -73.942953 40.693066
1899 2 3633113405 -73.926051 40.697994
1899 2 3633141031 -73.925363 40.698051
1899 2 3633129577 -73.927827 40.697822
1899 2 3633150857 -73.925363 40.698051
1195 2 3661174242 -74.019844 40.780729
1999 2 3671434938 -73.913904 40.68705
1800 2 3685067714 -73.945761 40.69278
2000 2 3636715153 -73.953381 40.680633
1690 2 3685062894 -73.409529 41.414879
1900 2 3670023418 -73.913904 40.68705
1300 1 3685059664 -74.006494 40.650839
1950 1 3685058929 -73.956819 40.686993
1400 1 3685057568 -73.947021 40.684357
1950 3 3663013320 -73.935848 40.687165
1950 3 3670525900 -73.935848 40.687165
1696 1 3679450903 -73.973435 40.696103
1695 1 3679444995 -73.973435 40.696103
1550 1 3673755656 -73.95086 40.686936
1650 2 3685048275 -73.912128 40.705442
1900 1 3679414174 -73.952464 40.695014
1460 1 3685042526 -73.021408 40.75655
1900 1 3680631091 -73.925134 40.698108
1995 2 3641940296 -73.953839 40.682868
1699 2 3685039279 -73.937166 40.663731
2000 2 3672948964 -73.928285 40.669575
1995 2 3634542099 -73.953839 40.682868
1080 1 3685028601 -74.073129 40.723834
2000 2 3671028089 -73.928285 40.669575
2000 2 3673889799 -73.928285 40.669575
2000 2 3618922325 -73.95149 40.689858
1985 1 3685025731 -73.535122 41.045034
1799 2 3685025572 -73.954985 40.688712
1900 2 3679520293 -73.922728 40.693582
1900 2 3679523810 -73.922728 40.693582
1900 2 3679529130 -73.922728 40.693582
1300 1 3679540135 -73.928285 40.695129
1295 1 3685022588 -73.94748 40.672383
1999 2 3685019875 -73.943813 40.710885
1499 1 3659207089 -73.957334 40.67244
1300 1 3679544896 -73.928457 40.695186
1295 1 3685017737 -73.950287 40.672325
1399 1 3685016192 -73.936593 40.670033
2000 2 3634517211 -73.949542 40.680404
2000 2 3647688270 -73.951605 40.680519
1295 1 3685005102 -73.94748 40.672325
1850 2 3685002964 -73.926681 40.685962
1796 1 3658839287 -73.95636 40.675076
1950 1 3671194713 -73.929718 40.693869
1900 2 3671195860 -73.919347 40.701833
1550 1 3671198637 -73.929718 40.693869
1325 2 3684994859 -74.064076 40.728017
1950 1 3671223515 -73.929718 40.693869
1900 2 3671224647 -73.919347 40.701833
1550 1 3671226599 -73.929718 40.693869
1325 1 3684993926 -74.071582 40.724464
1950 1 3671669824 -73.929718 40.693869
1900 2 3671673077 -73.919347 40.701833
1700 3 3669708906 -73.914477 40.662528
1550 1 3671680543 -73.929718 40.693869
1950 1 3672313358 -73.929718 40.693869
1799 2 3684992393 -73.954985 40.688712
1900 2 3672316901 -73.919347 40.701833
2000 3 3672321334 -73.919347 40.701833
1550 1 3672324831 -73.929718 40.693869
1950 1 3673006592 -73.929718 40.693869
1900 2 3673008925 -73.919347 40.701833
2000 3 3673011565 -73.919347 40.701833
1550 1 3673014756 -73.929718 40.693869
1950 1 3673183908 -73.929718 40.693869
1900 2 3673185080 -73.919347 40.701833
2000 3 3673186648 -73.919347 40.701833
1550 1 3673187890 -73.929718 40.693869
1899 2 3684986767 -73.925134 40.698108
1325 1 3684984572 -73.957277 40.654965
1325 1 3684983010 -73.957277 40.654965
1950 1 3673222681 -73.929718 40.693869
1900 2 3673223627 -73.919347 40.701833
2000 3 3673224656 -73.919347 40.701833
1550 1 3673225573 -73.929718 40.693869
1950 3 3684981658 -73.688904 40.714094
1950 1 3674224596 -73.929718 40.693869
1900 2 3674229513 -73.919347 40.701833
2000 3 3674234918 -73.919347 40.701833
1550 1 3674239721 -73.929718 40.693869
1325 1 3684979728 -73.957277 40.654965
1950 1 3674414680 -73.929718 40.693869
1900 2 3674419685 -73.919347 40.701833
1150 3 3675959781 -74.094214 40.697077
1950 1 3675090308 -73.929718 40.693869
1900 2 3675094120 -73.919347 40.701833
1550 1 3675101261 -73.929718 40.693869
2000 2 3662612426 -73.926681 40.703552
1950 1 3675156379 -73.929718 40.693869
1900 2 3675159959 -73.919347 40.701833
2000 3 3675163994 -73.919347 40.701833
1950 1 3675310383 -73.929718 40.693869
1900 2 3675313907 -73.919347 40.701833
1499 1 3684975105 -73.827158 40.754487
1550 1 3675320584 -73.929718 40.693869
1950 1 3675370336 -73.929718 40.693869
1900 2 3675373418 -73.919347 40.701833
1950 1 3676371830 -73.929718 40.693869
1900 2 3676377074 -73.919347 40.701833
1550 1 3676387591 -73.929718 40.693869
1500 1 3667186666 -73.921696 40.868506
1799 2 3684970602 -73.927598 40.701775
1950 1 3676461766 -73.929718 40.693869
1900 2 3676466427 -73.919347 40.701833
1950 1 3676769405 -73.929718 40.693869
1900 2 3676773893 -73.919347 40.701833
1550 1 3676783653 -73.929718 40.693869
1950 1 3677232537 -73.929718 40.693869
1900 2 3677236018 -73.919347 40.701833
1550 1 3677244519 -73.929718 40.693869
1899 2 3684967346 -73.913904 40.68705
1600 1 3661874450 -73.939 40.843926
1800 2 3674483939 -73.948454 40.691691
1950 1 3677725949 -73.929718 40.693869
1900 2 3677728696 -73.919347 40.701833
2000 3 3677731371 -73.919347 40.701833
1550 1 3677733577 -73.929718 40.693869
1950 1 3677863929 -73.929718 40.693869
1900 2 3677865432 -73.919347 40.701833
1550 1 3677868579 -73.929718 40.693869
1950 1 3678580243 -73.929718 40.693869
1900 2 3678585294 -73.919347 40.701833
2000 3 3678589574 -73.919347 40.701833
1550 1 3678595493 -73.929718 40.693869
2000 1 3643357792 -73.937797 40.696676
1799 1 3684961538 -73.952693 40.67519
1550 1 3684961348 -73.929718 40.693869
2000 1 3660278501 -73.944729 40.824045
2000 2 3680755820 -73.925478 40.669461
1800 2 3680691597 -73.91992 40.690488
1750 1 3647169824 -73.937797 40.696676
1425 1 3661889944 -73.922155 40.869136
1799 2 3663833059 -73.927598 40.701775
1799 2 3664773558 -73.927598 40.701775
1950 1 3679073741 -73.929718 40.693869
1900 2 3679077897 -73.919347 40.701833
2000 3 3679082613 -73.919347 40.701833
1550 1 3679088304 -73.929718 40.693869
1925 2 3661888652 -73.928744 40.86673
1900 2 3661887479 -73.923415 40.868678
1950 1 3679890473 -73.929718 40.693869
1900 2 3679893475 -73.919347 40.701833
2000 3 3679896002 -73.919347 40.701833
1550 1 3679899399 -73.929718 40.693869
1700 1 3661885907 -73.910925 40.885809
1950 1 3679972487 -73.929718 40.693869
1900 2 3679975122 -73.919347 40.701833
1650 1 3661881703 -73.939 40.843926
2000 3 3679977744 -73.919347 40.701833
1550 1 3679980739 -73.929718 40.693869
2000 3 3684955389 -73.919347 40.701833
1325 1 3661869472 -73.928114 40.865068
1799 1 3684954914 -73.952808 40.675247
1850 2 3661863354 -73.928114 40.865068
1400 1 3673673094 -73.960944 40.642646
1400 1 3684951234 -73.923129 40.684873
1050 2 3675909625 -74.071869 40.724579
1799 1 3684945592 -73.952751 40.675305
1400 1 3684944706 -73.947021 40.684357
1400 2 3684942949 -73.820054 40.58535
1900 2 3663456004 -73.913904 40.68705
1850 1 3658944507 -73.924046 40.698223
1650 2 3684938621 -73.912128 40.705442
1899 1 3660914237 -73.927827 40.697822
1950 1 3684932814 -73.956819 40.686993
1995 4 3684924397 -73.913961 40.689399
1675 2 3664080896 -73.953209 40.639667
1999 2 3684922105 -73.943813 40.710885
1900 2 3680517798 -73.95149 40.695129
1400 1 3680542749 -73.923129 40.684873
1400 1 3666005348 -73.923129 40.684873
1800 2 3684910680 -73.942953 40.693066
1450 2 3646805905 -73.895398 40.632963
1800 2 3684909732 -73.942953 40.693066
1800 3 3684903984 -74.140452 40.556129
2000 2 3684903631 -73.953381 40.680633
1899 2 3684900962 -73.925134 40.698108
2000 2 3684900748 -73.949542 40.680404
1799 2 3638063871 -73.914477 40.662528
2000 2 3684897542 -73.953381 40.680633
1900 3 3684893990 -73.878209 40.828685
1800 3 3684893746 -73.906227 40.69129
1965 2 3684891792 -73.536497 41.062796
1895 2 3679205643 -73.953839 40.682868
1895 2 3679133512 -73.953839 40.682868
1245 1 3634042666 -73.932239 40.683842
1549 1 3684890234 -73.90806 40.69066
2000 2 3684888645 -73.953381 40.680633
1799 2 3684884687 -73.927598 40.701775
1325 1 3684880976 -74.071582 40.724464
1999 2 3684879511 -73.926165 40.703265
1999 2 3674162574 -73.914363 40.686592
1899 2 3674147658 -73.915279 40.685618
2000 3 3649078826 -73.9229 40.684071
2000 3 3652682749 -73.9229 40.684071
2000 3 3629558780 -73.9229 40.684071
2000 3 3633440283 -73.9229 40.684071
2000 3 3629170077 -73.9229 40.684071
1850 2 3684869106 -73.926681 40.685962
1300 1 3684866852 -73.934301 40.664476
1995 4 3625790217 -73.913961 40.689399
2000 2 3684864173 -73.952178 40.680576
1900 2 3644758839 -73.928629 40.693238
2000 3 3660396038 -73.9229 40.684071
2000 2 3631459760 -73.958881 40.683154
1799 2 3663283241 -73.92903 40.700286
1499 2 3684846009 -73.922556 40.669289
1080 1 3684845857 -74.075421 40.71799
1650 2 3684839951 -73.923129 40.684873
1799 2 3633761220 -73.92903 40.700286
1600 2 3653080529 -73.918602 40.866329
1950 3 3684836682 -73.688904 40.714094
1600 2 3679219627 -73.92353 40.68705
1900 3 3679298233 -73.923129 40.684873
1500 1 3679322173 -73.95086 40.686936
1800 2 3650088050 -73.942953 40.693066
1950 2 3684831399 -73.936994 40.665507
1325 1 3684828150 -73.957678 40.638234
1650 2 3684826891 -73.923129 40.684873
1999 2 3684826032 -73.926165 40.703265
1900 2 3673761425 -73.952464 40.695014
1900 3 3673723223 -73.923129 40.684873
1999 2 3684820985 -73.943813 40.710885
1975 1 3684820834 -73.954641 40.780786
1500 1 3684819556 -73.95086 40.686936
1325 1 3646909786 -73.954871 40.606091
1650 2 3684816397 -73.923129 40.684873
1600 2 3679869466 -73.92353 40.68705
1799 2 3684815569 -73.927598 40.701775
1799 2 3684810757 -73.954985 40.688712
1650 2 3684809604 -73.923129 40.684873
1450 2 3684805959 -73.419442 41.132582
1150 1 3684802281 -73.770951 41.024351
1799 1 3684795893 -73.952751 40.675362
1150 1 3684794376 -73.771467 41.024293
1900 2 3658455705 -73.928858 40.693238
1450 1 3642790325 -73.95086 40.686936
1799 2 3670415371 -73.927598 40.701775
1799 1 3644361548 -73.927598 40.701775
1700 2 3684792435 -73.834492 40.698223
1450 1 3629394459 -73.95086 40.686936
1450 1 3642776099 -73.95086 40.686936
1450 1 3642791619 -73.95086 40.686936
1850 2 3684790268 -73.926681 40.685962
1150 1 3679313497 -73.767743 41.026356
1625 2 3684783845 -73.94662 40.625572
1800 2 3680575697 -73.942953 40.693066
1900 2 3658458768 -73.928858 40.693238
1325 2 3684775309 -74.071926 40.721772
1915 1 3679845770 -73.949886 40.776203
1950 1 3684764155 -73.956819 40.686993
2000 2 3684761275 -73.923473 40.559223
1800 3 3630869764 -73.9229 40.684071
1900 3 3633289406 -73.9229 40.684071
2000 3 3650440507 -73.9229 40.684071
2000 2 3666125794 -73.958595 40.681722
1850 2 3684757634 -73.926681 40.685962
1650 2 3684755005 -73.912128 40.705442
1800 3 3684753609 -73.922556 40.669289
1800 2 3630820521 -73.944615 40.69278
2000 2 3652350743 -73.953381 40.680633
2000 2 3652352609 -73.953381 40.680633
1898 2 3652431665 -73.949198 40.695358
2000 2 3652348766 -73.953381 40.680633
1898 2 3652354204 -73.949198 40.695358
1400 1 3652308139 -73.956991 40.687852
1800 2 3631422825 -73.954527 40.686535
1800 2 3635734092 -73.944615 40.69278
2000 2 3652442386 -73.953381 40.680633
2000 3 3652689232 -73.942208 40.689399
1900 2 3667391978 -73.928858 40.693238
1900 2 3652539127 -73.928858 40.693238
1600 1 3674072133 -73.926796 40.771161
2000 2 3647733341 -73.951605 40.680519
1900 2 3655859549 -73.928858 40.693238
1900 2 3655884905 -73.928858 40.693238
1900 2 3655856799 -73.928858 40.693238
1770 1 3684735438 -73.536497 41.062796
1175 1 3672934523 -74.050784 40.737814
1350 1 3684735118 -73.880042 41.19641
1400 1 3684734456 -73.947021 40.684357
1900 2 3674595518 -73.952464 40.695014
1650 1 3684733578 -73.963121 40.67456
1899 2 3632156334 -73.952464 40.695014
1999 2 3634254044 -73.953381 40.680633
1899 2 3626879390 -73.952464 40.695014
1900 2 3666028166 -73.928858 40.693238
1799 2 3624903144 -73.942953 40.693066
1899 2 3624643480 -73.928629 40.693238
1799 2 3620197579 -73.942953 40.693066
1999 2 3684731702 -73.943813 40.710885
1900 2 3652176799 -73.928858 40.693238
1850 1 3684726998 -73.493754 41.144385
1950 2 3637216566 -73.936994 40.665507
1250 1 3684719651 -73.905654 40.648146
1950 2 3660439196 -73.951719 40.658632
1950 2 3660408187 -73.953324 40.658517
1950 2 3660388964 -73.953324 40.658517
1899 3 3669604542 -73.923129 40.684873
1850 1 3684718351 -73.925134 40.70315
1899 2 3684717941 -73.925134 40.698108
1899 3 3669575334 -73.923129 40.684873
1799 2 3684713198 -73.954985 40.688712
1999 2 3684708413 -73.926165 40.703265
1750 2 3671509814 -73.63178 41.031513
2000 2 3667073769 -73.924275 40.703895
2000 2 3651399828 -73.924962 40.704411
1300 1 3651834612 -73.932239 40.683842
1325 1 3684699088 -74.071582 40.724464
1250 2 3669944140 -74.071926 40.721772
1700 2 3664677213 -73.955902 40.668372
1799 2 3684695527 -73.927598 40.701775
1075 1 3684695146 -74.073129 40.723834
1825 2 3669444426 -73.92353 40.699541
1750 2 3666996749 -73.925363 40.698051
1400 1 3669713818 -73.964382 40.651011
2000 2 3642157790 -73.900554 40.836592
1350 1 3635729391 -73.932239 40.683842
1400 1 3673501895 -73.964382 40.651011
1275 1 3626865997 -73.952808 40.637661
1700 2 3680410175 -73.956303 40.655022
2000 2 3636384054 -73.949542 40.680404
1950 3 3684687048 -73.688904 40.714094
1999 2 3684680109 -73.913904 40.68705
1395 1 3659146832 -73.916941 40.691118
1795 1 3684676146 -73.931494 40.856875
1395 1 3630675032 -73.916941 40.691118
1450 1 3637074632 -73.95086 40.686936
1450 1 3637071021 -73.95086 40.686936
1450 1 3637072693 -73.95086 40.686936
1300 1 3651676534 -73.932239 40.683842
1650 1 3666075563 -73.905825 40.69404
1799 2 3617988251 -73.92903 40.700286
1750 1 3651221390 -73.937797 40.696676
2000 2 3684670391 -73.953381 40.680633
1100 2 3671695185 -74.062644 40.711458
2000 2 3684665743 -73.953381 40.680633
1900 2 3684665734 -73.991712 40.66671
1050 1 3671683958 -74.065738 40.723089
1750 2 3684658929 -73.949599 40.679659
2000 2 3684658185 -73.953381 40.680633
1700 1 3671544784 -73.991712 40.66671
2000 2 3671537530 -73.990623 40.66058
1550 1 3664460992 -73.95086 40.686936
1899 2 3664696034 -73.925134 40.698108
1999 2 3684653494 -73.943813 40.710885
1474 1 3684653471 -73.947594 40.687337
1150 1 3684652995 -73.770951 41.024351
1050 1 3684652559 -73.905138 40.86524
1400 1 3684652214 -73.881303 40.963732
1750 2 3684652137 -73.949599 40.679659
1800 2 3679971716 -73.91992 40.690488
2000 2 3679855929 -73.925478 40.669461
1750 2 3684648570 -73.949599 40.679659
2000 2 3673483787 -73.926395 40.703437
1650 1 3675727598 -73.953095 40.67181
1885 1 3684638362 -73.783213 40.909816
1850 2 3684637840 -73.926681 40.685962
2000 2 3684637518 -73.953381 40.680633
1797 1 3654717527 -73.95636 40.675076
1579 1 3684636886 -73.943469 40.815622
1050 2 3684636254 -74.091349 40.698853
1295 1 3684635632 -73.914878 40.670549
2000 2 3684633589 -73.953381 40.680633
2000 3 3631019916 -73.9229 40.684071
1475 1 3684633037 -73.95086 40.686936
2000 3 3649375379 -73.9229 40.684071
2000 3 3650538318 -73.9229 40.684071
2000 2 3674485400 -73.953954 40.680805
2000 2 3674004766 -73.954641 40.680748
1900 3 3673888152 -73.92353 40.684759
2000 2 3684631774 -73.953381 40.680633
1450 2 3684631515 -73.924848 40.676451
2000 2 3684628152 -73.953381 40.680633
1935 1 3684628091 -73.783213 40.909816
1600 2 3623684784 -73.916941 40.691118
1799 2 3684626627 -73.954985 40.688712
2000 2 3684626295 -73.949542 40.680404
1325 2 3684626125 -73.902789 40.866042
1700 2 3642636694 -73.928744 40.681263
1375 1 3684625032 -73.83644 40.914973
1940 2 3684623745 -73.417837 41.118373
1600 1 3684623664 -73.941521 40.791902
1999 2 3684623008 -73.943813 40.710885
1750 2 3684622928 -73.937797 40.696676
1750 2 3678389346 -73.949599 40.679659
1750 2 3678386701 -73.949599 40.679659
1750 2 3678385125 -73.949599 40.679659
1450 1 3627536912 -73.95086 40.686936
1450 1 3627274150 -73.95086 40.686936
1395 1 3630670424 -73.916941 40.691118
1395 1 3630674043 -73.916941 40.691118
1600 4 3684612593 -73.926509 40.770588
1900 3 3663745039 -73.923129 40.684873
1799 2 3684608943 -73.927598 40.701775
1750 3 3684608132 -73.819825 40.607581
1400 2 3647196206 -73.941578 40.675648
1750 1 3664628504 -74.029928 40.623166
1925 1 3640162693 -73.958824 40.768525
1600 2 3684604342 -73.819825 40.607581
1750 2 3684603530 -73.949599 40.679659
1325 2 3684603394 -74.061498 40.740164
1750 2 3684602898 -73.949599 40.679659
1950 1 3684601266 -73.956819 40.686993
1750 2 3684600634 -73.949599 40.679659
1325 2 3684598211 -74.071926 40.721772
1995 1 3684597978 -73.54045 41.041253
1845 2 3679464390 -73.949599 40.679659
1999 2 3684594418 -73.926165 40.703265
1499 1 3680391701 -73.915795 40.757352
1995 2 3667802271 -73.949599 40.679659
1950 2 3660022569 -73.936994 40.665507
1845 2 3679198959 -73.949599 40.679659
1895 2 3663083965 -73.953839 40.682868
1499 1 3665348406 -73.95361 40.666424
1245 1 3660727394 -73.932239 40.683842
1300 1 3680299225 -73.958824 40.655595
1500 1 3678922653 -73.957048 40.686191
1700 2 3637674993 -73.955902 40.668372
1750 2 3684589329 -73.949599 40.679659
1899 2 3684587774 -73.925134 40.698108
1750 2 3684587070 -73.949599 40.679659
1750 2 3684586227 -73.949599 40.679659
1375 2 3627996013 -73.949599 40.679373
1750 3 3684582994 -73.938312 40.826508
1250 1 3667681360 -73.745283 40.601279
1450 2 3667682158 -73.745283 40.601279
1650 2 3676814091 -73.88709 40.631473
1250 1 3676793153 -73.88709 40.631473
1500 3 3670884130 -73.95722 40.780672
1395 1 3684572985 -73.938713 40.844614
1400 1 3684572179 -73.890642 40.916062
1895 3 3661053151 -73.898835 40.642016
1850 2 3660333479 -73.949771 40.677654
1995 2 3650580569 -73.954412 40.680862
1895 2 3678683093 -73.927426 40.690717
1395 1 3678752134 -73.949657 40.678571
1100 1 3684568246 -74.071869 40.724579
1700 1 3632195657 -73.923358 40.753571
1950 2 3684567348 -73.936994 40.665507
1799 2 3684567221 -73.927598 40.701775
1350 1 3684567162 -73.949599 40.679373
1950 2 3684566083 -73.936994 40.665507
1600 1 3684564755 -73.919004 40.866157
2000 3 3684563095 -73.936479 40.670893
1050 2 3670893754 -74.071869 40.724579
1295 2 3669222979 -73.754851 40.599846
1150 1 3684560591 -73.745798 40.600763
1799 2 3645614430 -73.927598 40.701775
1295 1 3667627046 -73.94748 40.672383
1225 1 3672364781 -74.07078 40.725267
1799 2 3650411260 -73.927598 40.701775
1799 2 3645994673 -73.927598 40.701775
1799 2 3645591867 -73.927598 40.701775
1699 2 3684554818 -73.937166 40.663731
1799 2 3635962297 -73.944156 40.684701
1950 3 3669420899 -73.935848 40.687165
1600 2 3624903563 -73.916941 40.691118
1600 2 3669671156 -73.916941 40.691118
1600 2 3669665313 -73.916941 40.691118
1600 2 3624186086 -73.916941 40.691118
1600 2 3624183246 -73.916941 40.691118
1600 2 3629778119 -73.916941 40.691118
1900 2 3629100157 -73.950344 40.671638
1400 1 3652326156 -73.956991 40.687852
1900 2 3628235205 -73.950344 40.671638
2000 2 3667379388 -73.953381 40.680633
2000 2 3668605879 -73.9551 40.680977
2000 2 3668606960 -73.9551 40.680977
1898 2 3668608251 -73.949198 40.695358
1400 1 3650486233 -73.956991 40.687852
2000 2 3673605910 -73.9551 40.680977
2000 2 3673606972 -73.9551 40.680977
1800 2 3633379614 -73.944615 40.69278
1898 2 3617312758 -73.949198 40.695358
1898 2 3629432158 -73.949198 40.695358
1799 2 3661411810 -73.927598 40.701775
1950 2 3684546996 -73.942552 40.665851
1950 2 3638999451 -73.936994 40.665507
1850 2 3684545121 -73.929603 40.685618
1650 2 3684543945 -73.912128 40.705442
1994 1 3653536194 -73.952464 40.695014
1845 2 3672664005 -73.949599 40.679659
1895 2 3667980482 -73.953839 40.682868
1895 2 3668045892 -73.953839 40.682868
1245 1 3635712825 -73.932239 40.683842
1995 2 3663346701 -73.949599 40.679659
1245 1 3636436887 -73.932239 40.683842
1295 1 3662863603 -73.95023 40.672555
1600 2 3684535846 -73.923415 40.686363
1999 2 3684535782 -73.926165 40.703265
1850 2 3684533392 -73.926681 40.685962
1775 2 3684530570 -73.916196 40.690717
1450 2 3684528467 -73.924275 40.694441
1999 2 3684528364 -73.943813 40.710885
1899 2 3665213576 -73.913904 40.68705
1899 2 3673069797 -73.913904 40.68705
1300 1 3684525804 -73.988904 40.729908
1899 2 3679006644 -73.913904 40.68705
1450 2 3684524621 -73.924275 40.694441
1300 1 3684522219 -73.931551 40.664361
1450 2 3684520767 -73.924275 40.694441
1800 2 3684519815 -73.942953 40.693066
1800 2 3684519159 -73.942953 40.693066
1650 1 3674872393 -73.905825 40.69404
1800 2 3684516829 -73.942953 40.693066
1800 2 3684515744 -73.945761 40.69278
1950 3 3684513304 -73.688904 40.714094
1800 2 3684513064 -73.942953 40.693066
1450 2 3684512022 -73.924275 40.694441
1950 2 3684511419 -73.942552 40.665851
1499 2 3684510332 -73.959855 40.579334
1600 2 3664711116 -73.923415 40.686363
1775 2 3684508330 -73.916196 40.690717
1799 1 3684504809 -73.952751 40.675362
1799 2 3684504468 -73.927598 40.701775
1950 2 3637739624 -73.936994 40.665507
1795 1 3684501802 -73.954756 40.803303
1699 2 3684501286 -73.937166 40.663731
1299 1 3684500945 -73.934301 40.664476
1799 2 3684499860 -73.954985 40.688712
1800 2 3684498432 -73.943641 40.693009
1800 3 3646768998 -73.94301 40.828456
2000 3 3657035049 -73.945933 40.83367
1800 2 3684492791 -73.942953 40.693066
1699 2 3684492507 -73.937166 40.663731
1699 2 3684490405 -73.937166 40.663731
1450 2 3684489775 -73.924275 40.694441
1800 2 3684489151 -73.943755 40.693009
1800 2 3684488679 -73.942953 40.693066
1450 2 3684486166 -73.924275 40.694441
1800 2 3684485499 -73.945761 40.69278
1699 1 3633025910 -73.950001 40.682524
1950 3 3630852658 -73.947308 40.685847
1550 1 3621212263 -73.950001 40.682524
1295 1 3684484572 -73.95023 40.672555
1800 2 3684484404 -73.945761 40.69278
1450 2 3684483523 -73.924275 40.694441
1900 2 3624704786 -73.950344 40.671638
1800 2 3684483151 -73.945761 40.69278
1899 2 3684477260 -73.925134 40.698108
1450 2 3684476834 -73.924275 40.694441
1950 2 3684476805 -73.93688 40.666424
1899 2 3684475678 -73.925134 40.698108
1799 2 3684466758 -73.954985 40.688712
1450 2 3684466091 -73.924275 40.694441
1450 2 3684464193 -73.924275 40.694441
1550 1 3665260067 -73.941979 40.799694
1550 1 3665287304 -73.941979 40.799694
1795 1 3659966401 -73.942609 40.837165
1945 2 3666809860 -73.944156 40.821065
1895 1 3648984718 -73.948282 40.803934
1995 2 3666821831 -73.942609 40.818315
1850 2 3684443470 -73.926681 40.685962
1299 1 3684437971 -73.937052 40.664648
1800 2 3671696315 -73.960486 40.64723
1650 1 3668258446 -73.960027 40.644881
1700 2 3630394842 -73.955902 40.668372
1500 1 3626510248 -73.963923 40.57561
1299 1 3684415897 -73.937052 40.664648
1299 1 3684409242 -73.937052 40.664648
1900 2 3627327464 -73.950344 40.671638
1898 2 3627344293 -73.949198 40.695358
1800 2 3625958225 -73.944615 40.69278
1990 2 3665987605 -73.954412 40.680748
1800 2 3631441049 -73.944615 40.69278
1800 2 3633396728 -73.944615 40.69278
1999 2 3684382989 -73.943813 40.710885
1950 2 3684370996 -73.93688 40.666424
1295 1 3684368537 -73.94748 40.672383
1999 2 3684361529 -73.926165 40.703265
2000 2 3684359040 -73.949542 40.680404
1950 1 3684351435 -73.956819 40.686993
1900 3 3684334914 -73.92353 40.68705
1800 2 3684325132 -73.91018 40.761649
1650 1 3684321522 -73.534721 41.064744
1950 1 3684318594 -73.976528 40.686993
1300 1 3684317219 -73.932239 40.683842
1550 1 3684316424 -73.929718 40.693869
2000 3 3684314592 -73.919347 40.701833
1900 2 3684312950 -73.919347 40.701833
1650 2 3684312513 -73.912128 40.705442
1950 1 3684311332 -73.929718 40.693869
1650 1 3684307929 -73.929489 40.76079
1750 2 3684301083 -73.949599 40.679659
1999 2 3684300609 -73.926165 40.703265
1750 2 3684300120 -73.949599 40.679659
1750 2 3684298624 -73.949599 40.679659
1799 2 3684293836 -73.927598 40.701775
1750 2 3684288431 -73.949599 40.679659
1750 2 3684287723 -73.949599 40.679659
1750 2 3684285712 -73.949599 40.679659
1850 2 3684278076 -73.926681 40.685962
1800 2 3684276016 -73.944156 40.684701
1550 1 3684271477 -73.929718 40.693869
2000 3 3684269364 -73.919347 40.701833
1900 2 3684267595 -73.919347 40.701833
1900 2 3684266166 -73.915508 40.68579
1950 1 3684265777 -73.929718 40.693869
1950 3 3684264275 -73.959111 40.684472
1400 1 3684261639 -73.944156 40.684701
1200 1 3680038547 -73.820856 40.756034
1400 1 3634354615 -73.834034 40.913025
1799 2 3684251624 -73.927598 40.701775
1799 2 3684249498 -73.954985 40.688712
1795 1 3679395282 -73.950688 40.824617
1850 2 3684239287 -73.926681 40.685962
1499 1 3651828036 -73.95298 40.655251
1750 3 3667622113 -73.944615 40.673127
1999 2 3684235207 -73.943813 40.710885
1900 2 3684231361 -73.912415 40.68854
1800 2 3684227821 -73.944156 40.684701
1899 2 3684225362 -73.925134 40.698108
1899 2 3684223229 -73.925134 40.698108
1900 1 3684222535 -73.914534 40.884549
1900 2 3684222222 -73.929317 40.69765
1950 2 3667629710 -73.93688 40.666424
1650 2 3684217622 -73.919175 40.690087
1800 2 3684214273 -73.907258 40.690087
1799 2 3684209274 -73.954985 40.688712
1550 1 3684205741 -73.929718 40.693869
2000 3 3684203234 -73.919347 40.701833
1750 2 3668178765 -73.944615 40.673127
1900 2 3684201105 -73.919347 40.701833
1750 2 3684199161 -73.949599 40.679659
1900 2 3684197614 -73.927254 40.69616
1750 2 3649964013 -73.949599 40.679659
1800 2 3675314138 -73.942953 40.693066
1800 2 3675313036 -73.942953 40.693066
1795 2 3670767123 -73.943583 40.681779
1750 2 3668196667 -73.937166 40.663731
1695 1 3669641080 -73.973435 40.696103
1990 3 3640899995 -73.908748 40.694728
1945 2 3675259353 -73.915279 40.685618
1945 2 3675263467 -73.915279 40.685618
1945 2 3675266195 -73.915279 40.685618
1995 1 3684178910 -73.954126 40.821409
1999 2 3684178064 -73.943813 40.710885
1995 1 3684177693 -73.954126 40.821409
1295 2 3684172627 -74.001509 40.794938
1050 2 3684171048 -74.071869 40.724579
1999 1 3660320292 -73.955673 40.681149
1999 1 3634851730 -73.953381 40.680633
1995 2 3634092057 -73.953381 40.680633
1995 1 3684167318 -73.954126 40.821409
1075 1 3673597636 -74.073129 40.723834
1750 3 3684166188 -73.938312 40.826508
1999 2 3684165300 -73.926165 40.703265
1995 1 3638314505 -73.953381 40.680633
1300 2 3684161672 -74.011765 40.626489
1950 1 3684157635 -73.956819 40.686993
1600 2 3668094256 -73.916941 40.691118
1600 2 3669667579 -73.916941 40.691118
1595 2 3679403367 -73.936307 40.689342
1650 2 3684139096 -73.912128 40.705442
1750 2 3684138352 -73.949599 40.679659
1750 2 3684135718 -73.949599 40.679659
1750 2 3684134805 -73.949599 40.679659
1999 2 3684130400 -73.943813 40.710885
1295 1 3667617136 -73.95023 40.672555
1999 2 3684124267 -73.926165 40.703265
1700 3 3678751302 -73.920722 40.686649
2000 1 3671745477 -73.937797 40.696676
1750 1 3684121765 -73.937797 40.696676
1650 1 3646374760 -73.891158 40.751107
1750 2 3684118056 -73.949599 40.679659
1495 1 3658666714 -74.00277 40.788578
1750 2 3684116063 -73.949599 40.679659
1750 2 3684115442 -73.953209 40.679831
1850 1 3669346976 -74.045283 40.726183
1799 2 3684109262 -73.927598 40.701775
1699 1 3641286722 -73.946735 40.682925
1800 2 3684095736 -73.916196 40.690717
1499 2 3684093487 -73.918889 40.669919
1799 2 3684092644 -73.927598 40.701775
1550 1 3684088446 -73.929718 40.693869
1850 2 3684086563 -73.926681 40.685962
2000 3 3684085449 -73.919347 40.701833
1295 1 3667611347 -73.95023 40.672555
1050 1 3655381290 -73.738293 40.749274
1900 2 3684082520 -73.919347 40.701833
1950 1 3684079824 -73.929718 40.693869
1950 3 3684077154 -73.688904 40.714094
1499 2 3684077028 -73.918889 40.669919
1699 1 3684076016 -73.918889 40.669919
1649 1 3660147750 -73.891158 40.751107
1325 2 3684067723 -74.061498 40.740164
1899 2 3684064143 -73.925134 40.698108
1899 2 3684060879 -73.925134 40.698108
1625 2 3662874401 -73.94662 40.625572
1325 1 3678618406 -73.959913 40.654048
2000 3 3684055462 -73.919347 40.701833
1799 2 3684054423 -73.954985 40.688712
1900 2 3684053088 -73.919347 40.701833
1799 2 3684044838 -73.954985 40.688712
1325 1 3684042413 -74.071582 40.724464
1999 2 3684041467 -73.926165 40.703265
1695 1 3684040603 -73.973435 40.696103
1400 1 3671720236 -73.936593 40.670033
1695 1 3684031885 -73.973435 40.696103
1850 2 3684031861 -73.926681 40.685962
1695 1 3684030448 -73.973435 40.696103
1150 3 3637909572 -74.094099 40.696848
1550 2 3667684272 -73.946448 40.649121
1900 2 3679535014 -73.922728 40.693582
1300 1 3679788653 -73.928285 40.695129
1775 2 3684019457 -73.925936 40.682295
1300 1 3679792452 -73.928285 40.695129
1799 2 3676966854 -73.929775 40.686363
1199 1 3676174011 -73.929775 40.686363
1199 1 3676175653 -73.929775 40.686363
1199 1 3676189040 -73.929775 40.686363
1199 1 3676194901 -73.929775 40.686363
1199 1 3676196690 -73.929775 40.686363
1199 1 3676198007 -73.929775 40.686363
1199 1 3676202278 -73.929775 40.686363
1899 4 3671639411 -73.906628 40.692092
1899 4 3658123063 -73.906628 40.692092
1899 4 3658368517 -73.906628 40.692092
1899 4 3658437675 -73.906628 40.692092
1899 4 3658467850 -73.906628 40.692092
1899 4 3670973950 -73.925363 40.70527
1199 1 3676193633 -73.929775 40.686363
1899 4 3665116470 -73.906628 40.692092
1199 1 3676170513 -73.929775 40.686363
1999 2 3684010523 -73.943813 40.710885
1695 1 3684010216 -73.952693 40.676221
1799 2 3676958912 -73.929775 40.686363
1799 2 3677092224 -73.929775 40.686363
2000 2 3684009099 -73.951777 40.680519
1799 2 3677083087 -73.929775 40.686363
1900 2 3679211050 -73.922728 40.693582
1799 2 3677200727 -73.929775 40.686363
1799 2 3677109072 -73.929775 40.686363
2000 2 3684006969 -73.949542 40.680404
1799 2 3677209783 -73.929775 40.686363
1799 2 3677205910 -73.929775 40.686363
2000 1 3672945856 -73.937797 40.696676
2000 1 3672931902 -73.937797 40.696676
1899 4 3672372588 -73.906628 40.692092
1799 2 3677196465 -73.929775 40.686363
2000 1 3672918517 -73.937797 40.696676
1999 2 3684005203 -73.943813 40.710885
2000 1 3672936517 -73.937797 40.696676
1650 2 3667802592 -73.238731 41.167647
2000 1 3672940732 -73.937797 40.696676
1745 1 3672819203 -73.937797 40.696676
1745 1 3672809906 -73.937797 40.696676
1745 1 3672814585 -73.937797 40.696676
1745 1 3672831636 -73.937797 40.696676
2000 2 3684003960 -73.951891 40.680633
2000 1 3672913506 -73.937797 40.696676
1745 1 3672823635 -73.937797 40.696676
1745 1 3672804712 -73.937797 40.696676
1199 1 3678248723 -73.929775 40.686363
1199 1 3678257656 -73.929775 40.686363
1745 1 3672798930 -73.937797 40.696676
1745 1 3672794809 -73.937797 40.696676
2000 1 3673477909 -73.937797 40.696676
1745 1 3672788176 -73.937797 40.696676
1199 1 3678265580 -73.929775 40.686363
1474 1 3678332754 -73.95086 40.686936
1350 1 3683999309 -73.970971 40.708364
1199 1 3678273945 -73.929775 40.686363
2000 1 3672925171 -73.937797 40.696676
1100 1 3683997069 -73.237585 41.169882
1199 1 3676187627 -73.929775 40.686363
1899 4 3670961635 -73.925363 40.70527
1899 4 3670970550 -73.925363 40.70527
1899 4 3676219813 -73.929775 40.686363
1899 4 3670965293 -73.925363 40.70527
1650 2 3683994700 -73.912128 40.705442
1950 1 3683991096 -73.956819 40.686993
1995 1 3671489399 -73.953037 40.672669
2000 1 3673473347 -73.937797 40.696676
2000 1 3672950167 -73.937797 40.696676
1745 1 3672782574 -73.937797 40.696676
1799 2 3677272567 -73.929775 40.686363
1799 2 3677263972 -73.929775 40.686363
1799 2 3677251959 -73.929775 40.686363
1799 2 3677229759 -73.929775 40.686363
1550 1 3648549771 -73.950001 40.682524
1745 1 3669633742 -73.937797 40.696676
1600 1 3683984159 -73.962434 40.758957
1995 2 3632210782 -73.939745 40.812643
1899 2 3683970272 -73.925134 40.698108
1650 2 3683968767 -73.895799 40.951986
1325 2 3683966013 -74.071926 40.721772
2000 3 3683963150 -73.946505 40.833957
1075 2 3653801966 -74.071926 40.721772
1650 2 3673678531 -73.896085 40.952272
1799 2 3683960020 -73.927598 40.701775
1650 2 3683957946 -73.912128 40.705442
1895 2 3683946011 -73.946505 40.837967
1999 2 3683940590 -73.926165 40.703265
1150 1 3683938964 -73.867495 40.903972
1700 2 3683930468 -73.937166 40.663731
1699 1 3683928487 -73.933958 40.691118
1799 2 3683927200 -73.927598 40.701775
1695 3 3660255068 -73.901815 40.933881
1295 2 3639129347 -73.903419 40.9305
1799 2 3651448289 -73.92903 40.700286
1899 2 3657764234 -73.925134 40.698108
1250 1 3659625559 -73.758002 40.600591
1450 2 3661849944 -73.758002 40.600591
1325 2 3679169701 -74.064076 40.728017
1799 2 3683913802 -73.954985 40.688712
1850 2 3683910106 -73.926681 40.685962
1950 3 3683906507 -73.947308 40.685847
1999 2 3683898707 -73.926165 40.703265
1750 1 3679527600 -73.942953 40.705901
1600 2 3633262544 -73.92353 40.68705
1950 2 3683893902 -73.93688 40.666424
1949 2 3683892986 -73.942552 40.665851
1750 1 3666568152 -73.942953 40.705901
1800 2 3648022929 -73.943125 40.693811
1850 2 3683886758 -73.926681 40.685962
1799 2 3683882740 -73.954985 40.688712
1095 1 3667851693 -74.075421 40.71799
1175 1 3674413237 -74.050784 40.737814
2000 2 3673847033 -73.928285 40.669575
1700 2 3640371135 -73.920837 40.697937
1899 2 3683874725 -73.925134 40.698108
1800 2 3683873427 -73.938484 40.833842
1650 2 3683873249 -73.923129 40.684873
1999 2 3683870544 -73.943813 40.710885
1650 2 3683870501 -73.923129 40.684873
1650 2 3683866077 -73.923129 40.684873
1795 1 3640527042 -73.95659 40.803246
1800 2 3683853466 -73.907315 40.690202
1325 2 3683850863 -74.071926 40.721772
1750 2 3678383034 -73.949599 40.679659
1750 2 3678378802 -73.949599 40.679659
1750 2 3678377696 -73.949599 40.679659
1395 1 3630146922 -73.916941 40.691118
1395 1 3630145968 -73.916941 40.691118
1395 1 3630145337 -73.916941 40.691118
1325 2 3679516925 -74.075421 40.71799
1075 1 3679539771 -74.075421 40.71799
1150 3 3673706332 -74.094214 40.697077
1750 2 3634539379 -73.949599 40.679659
1750 2 3635676576 -73.949599 40.679659
1300 2 3683840260 -74.10785 40.56312
1800 3 3683837801 -73.944443 40.834702
1650 2 3683836201 -73.912128 40.705442
1450 1 3627267461 -73.95086 40.686936
1450 1 3641175820 -73.95086 40.686936
2000 2 3635835489 -73.948683 40.680404
1450 1 3641161727 -73.95086 40.686936
1950 1 3683831995 -73.956819 40.686993
1999 2 3683827690 -73.943813 40.710885
1699 2 3658538485 -73.938312 40.663731
1699 2 3658549507 -73.938312 40.663731
1699 2 3658644972 -73.938312 40.663731
1400 1 3683812947 -73.936593 40.670033
1550 1 3667957255 -73.998587 40.659892
1899 2 3683806733 -73.925134 40.698108
1900 1 3683805852 -74.03434 40.714896
1845 2 3672683915 -73.949599 40.679659
1895 2 3668078002 -73.953839 40.682868
1845 2 3672662052 -73.949599 40.679659
1895 2 3658903952 -73.953839 40.682868
1995 2 3663617322 -73.949599 40.679659
1245 1 3658641986 -73.932239 40.683842
1150 1 3624503613 -73.868469 40.861344
1675 2 3683794821 -73.956991 40.646714
1975 1 3683785484 -73.955845 40.693009
1595 2 3679472415 -73.919978 40.669461
1699 2 3683777488 -73.937166 40.663731
1900 3 3659645901 -73.923129 40.684873
1995 2 3665180938 -73.953381 40.680633
1995 2 3665178612 -73.953381 40.680633
1700 2 3683766651 -73.937166 40.663731
1699 2 3683765995 -73.937166 40.663731
1950 2 3683760900 -73.93688 40.666424
1799 2 3683757229 -73.927598 40.701775
1999 2 3683753347 -73.926165 40.703265
1295 1 3683753042 -73.94748 40.672383
1800 3 3655119443 -73.906456 40.696848
1300 1 3683747777 -73.942437 40.790641
1799 2 3679464217 -73.92903 40.700286
1850 2 3683744124 -73.926681 40.685962
1375 1 3683744092 -73.95023 40.672555
1950 2 3683743590 -73.936994 40.665507
1999 2 3683739532 -73.926165 40.703265
1295 1 3663263012 -73.95023 40.672555
1850 2 3683728633 -73.926681 40.685962
1950 3 3683725895 -73.688904 40.714094
1950 2 3656459356 -73.936994 40.665507
1295 1 3683721501 -73.94748 40.672383
1799 2 3683721457 -73.927598 40.701775
1900 2 3679215512 -73.922728 40.693582
1800 2 3679158821 -73.91992 40.690488
1650 1 3660713070 -73.922097 40.708479
1799 2 3683712087 -73.954985 40.688712
1325 2 3673454988 -74.061498 40.740164
1650 1 3647050768 -73.945474 40.663101
1050 2 3672344751 -74.071869 40.724579
1799 1 3683709361 -73.952751 40.675362
1699 2 3665194676 -73.937166 40.663731
1699 2 3656511021 -73.937166 40.663731
1999 2 3683707745 -73.943813 40.710885
1700 2 3683707312 -73.937166 40.663731
1800 2 3642204895 -73.942953 40.693066
1800 3 3683705913 -73.418869 41.090814
1650 1 3665237844 -73.905825 40.69404
1550 2 3679449247 -73.919978 40.669461
1795 3 3679457622 -73.919978 40.669461
1899 2 3683703245 -73.925134 40.698108
1799 2 3683698613 -73.954985 40.688712
1800 3 3683698334 -73.418869 41.090814
1575 3 3683696004 -74.227541 40.76016
1850 2 3683693939 -73.926681 40.685962
1699 2 3669834033 -73.937166 40.663731
1450 2 3653551530 -73.895398 40.632963
1950 2 3651283025 -73.939687 40.666596
1850 2 3678087102 -73.928629 40.685904
1699 2 3668281178 -73.937166 40.663731
1800 2 3671539687 -73.913904 40.769327
1600 1 3653595215 -73.926796 40.771161
1699 2 3667862502 -73.937166 40.663731
1950 2 3666383190 -73.936994 40.665507
1750 2 3666150508 -73.937166 40.663731
1650 2 3683663726 -73.912128 40.705442
1950 2 3679374352 -73.936994 40.665507
1750 2 3679354203 -73.93688 40.666424
1699 2 3679349026 -73.937166 40.663731
1699 2 3679343545 -73.937166 40.663731
1699 2 3679340125 -73.937166 40.663731
1799 1 3679258042 -73.952751 40.675362
1799 1 3679254461 -73.952751 40.675362
1350 1 3683651069 -73.929603 40.858307
1850 1 3671953000 -73.923072 40.699197
1499 2 3679339368 -73.959741 40.579392
1150 3 3679345594 -74.094214 40.697077
1700 2 3633712383 -73.235293 41.170226
1775 2 3683640653 -73.927369 40.862375
1845 2 3672683030 -73.949599 40.679659
1845 2 3672632536 -73.949599 40.679659
1895 2 3662915331 -73.953839 40.682868
1800 2 3683639412 -73.413884 41.092246
1945 2 3628683610 -73.953839 40.682868
1245 1 3626643513 -73.932239 40.683842
1245 1 3658536853 -73.932239 40.683842
1695 2 3678689451 -73.961402 40.652157
1650 1 3656790302 -73.922155 40.708479
1300 1 3678975128 -73.962262 40.649636
1295 1 3679340195 -73.959454 40.65359
1295 1 3679357937 -73.961001 40.650095
1075 1 3683620718 -73.921926 40.662757
1075 1 3683619422 -73.922728 40.662241
1050 1 3671907111 -73.922728 40.662241
1075 1 3650698754 -73.919576 40.655824
1075 1 3650697157 -73.921926 40.662757
1075 1 3650689138 -73.922728 40.662241
1075 1 3650696307 -73.919576 40.655824
1050 1 3650689959 -73.922728 40.662241
1075 1 3679079822 -73.919576 40.655824
1075 1 3679081575 -73.922728 40.662241
1075 1 3679082822 -73.921926 40.662757
1950 2 3683614345 -73.936994 40.665507
1800 2 3678698051 -73.963121 40.644537
1695 3 3678946959 -73.905654 40.680118
1799 2 3683608573 -73.927598 40.701775
1850 1 3659127032 -73.923072 40.699197
1695 1 3678976920 -73.95235 40.69427
1500 1 3679003315 -73.946219 40.694957
1200 1 3616769266 -73.95298 40.633421
1695 3 3679088894 -73.905654 40.680118
1795 2 3679154311 -73.902674 40.675763
1695 1 3679167657 -73.95235 40.69427
1695 1 3679267171 -73.95235 40.69427
1999 2 3683603406 -73.943813 40.710885
1695 3 3679196287 -73.905654 40.680118
1795 2 3679226665 -73.902674 40.675763
1675 2 3665169800 -73.960027 40.644881
1400 1 3683599948 -73.961402 40.652157
1650 1 3683597775 -73.95212 40.67181
1850 2 3683588924 -73.926681 40.685962
1750 2 3673483786 -73.949599 40.679659
1750 2 3673482240 -73.949657 40.678972
1750 2 3673478610 -73.949599 40.679659
1850 2 3683586665 -73.926681 40.685962
1750 2 3673477290 -73.949599 40.679659
1750 2 3673473603 -73.949599 40.679659
1750 2 3673472485 -73.949599 40.679659
1799 2 3683584207 -73.954985 40.688712
1999 2 3673876849 -73.915279 40.685618
1995 2 3664188544 -73.949599 40.679659
1899 2 3683579122 -73.925363 40.698051
1950 2 3658311201 -73.914649 40.686248
1895 2 3672674804 -73.953839 40.682868
1945 2 3658308801 -73.914649 40.686248
1945 2 3658297117 -73.914649 40.686248
1300 1 3675547009 -73.928285 40.695129
1945 2 3658296200 -73.914649 40.686248
1300 1 3675549067 -73.928457 40.695186
1695 1 3667804337 -73.973435 40.696103
1695 1 3667782479 -73.973435 40.696103
1450 2 3683574515 -73.834148 40.917723
1950 3 3683574115 -73.688904 40.714094
1860 1 3683572485 -73.962949 40.673586
1650 2 3683571126 -73.912128 40.705442
1999 2 3683569107 -73.981055 40.719537
1699 2 3683566966 -73.937166 40.663731
1999 2 3665601995 -73.915508 40.68579
1999 2 3665410760 -73.915279 40.685618
1750 1 3665165079 -73.942953 40.705901
1850 1 3683564062 -73.96335 40.674159
1850 2 3683563434 -73.926681 40.685962
1795 2 3673939956 -73.943583 40.681779
1700 2 3660225916 -73.89345 40.758441
2000 2 3675053048 -73.927254 40.69616
1875 2 3675561333 -73.927254 40.69616
1900 2 3677318077 -73.922728 40.693582
1799 2 3617180411 -73.92903 40.700286
2000 4 3660036278 -73.913961 40.689399
1885 1 3683553849 -73.536497 41.062796
1799 2 3683553558 -73.927598 40.701775
1699 2 3645948580 -73.942953 40.693066
1799 2 3679192348 -73.92903 40.700286
1799 2 3679208557 -73.92903 40.700286
1850 1 3666941016 -73.923072 40.699197
1295 1 3661818163 -73.95023 40.672555
1695 1 3673868699 -73.973435 40.696103
1695 1 3673863445 -73.973435 40.696103
1695 1 3673862364 -73.973435 40.696103
1800 2 3683543733 -73.916196 40.690717
1798 2 3672312085 -73.943583 40.681779
1295 1 3683538737 -73.94748 40.672383
1899 2 3683538335 -73.925134 40.698108
1650 2 3683537373 -73.847326 40.722917
1799 2 3683532369 -73.92903 40.700286
1695 1 3683531847 -73.973435 40.696103
1750 1 3656423700 -73.92416 40.753972
1799 2 3683527662 -73.92903 40.700286
1975 2 3669995105 -73.950287 40.672096
1900 3 3674334146 -73.923415 40.686363
1950 2 3683515625 -73.936593 40.669976
1695 1 3683514086 -73.973435 40.696103
1900 2 3683509403 -73.908232 40.77626
1850 1 3661602570 -73.923072 40.699197
1950 1 3683497120 -73.956819 40.686993
1695 1 3683495220 -73.973435 40.696103
1999 2 3667608295 -73.927655 40.704067
1600 2 3683493056 -73.92353 40.68705
1500 2 3683481764 -73.958308 40.642073
1699 2 3674269355 -73.912529 40.693238
1699 2 3674247918 -73.912529 40.693238
1699 2 3678909265 -73.912529 40.693238
1950 2 3683479518 -73.936994 40.665507
1699 2 3674239032 -73.912529 40.693238
1699 2 3647299333 -73.937166 40.663731
1999 2 3674596214 -73.914764 40.686191
1693 3 3683477085 -73.92267 40.682696
1293 1 3676234637 -73.936078 40.846103
1650 2 3683476579 -73.912128 40.705442
1695 3 3683474978 -73.92267 40.682696
1699 3 3683473235 -73.92267 40.682696
1800 1 3683470596 -73.9284 40.763426
1695 1 3683469875 -73.973435 40.696103
1350 1 3683469099 -73.960486 40.64723
1920 2 3679030059 -73.939974 40.809606
1699 2 3678928152 -73.938312 40.663731
1295 1 3659110781 -73.95023 40.672555
1850 1 3669806146 -28.177777 19.315553
1699 2 3658478168 -73.938312 40.663731
1699 2 3678919821 -73.912529 40.693238
1195 1 3683442168 -73.889725 40.867246
1799 2 3683440602 -73.927598 40.701775
1350 1 3667968732 -73.953553 40.610675
1650 1 3678428704 -73.963121 40.67456
1799 2 3683435291 -73.954985 40.688712
1699 2 3674227148 -73.912529 40.693238
1695 1 3683432813 -73.953095 40.676279
1295 1 3663675505 -73.95023 40.672555
1899 2 3683430420 -73.925134 40.698108
1545 1 3676278617 -73.946219 40.694957
1799 2 3643273707 -73.942953 40.693066
1799 2 3630977926 -73.951891 40.692092
1950 2 3660019585 -73.939687 40.666596
1650 1 3678844943 -73.905825 40.69404
1799 2 3683424845 -73.927598 40.701775
1895 3 3683424214 -73.923874 40.686305
1600 1 3683422343 -74.275727 40.605748
1975 2 3683420861 -73.950287 40.672096
1300 1 3660178879 -73.953553 40.610675
1899 2 3683419530 -73.925134 40.698108
1995 4 3656054865 -73.92903 40.679258
1900 3 3665184189 -73.923415 40.686363
1900 3 3665177309 -73.923415 40.686363
1900 3 3651721370 -73.923415 40.686363
1799 2 3683417349 -73.92903 40.700286
1900 3 3651807439 -73.923415 40.686363
1999 4 3663433188 -73.928744 40.681263
1900 3 3667350925 -73.923415 40.686363
1549 1 3672418496 -73.946219 40.694957
1549 1 3672425406 -73.946219 40.694957
1900 3 3672421792 -73.923415 40.686363
1900 3 3649675302 -73.923415 40.686363
1800 2 3683405153 -73.906628 40.682925
1999 2 3683403171 -73.926165 40.703265
1699 2 3683401942 -73.922212 40.691806
1850 2 3683397796 -73.926681 40.685962
1625 2 3683395732 -73.946391 40.625801
1650 2 3683392726 -73.912128 40.705442
1999 2 3683392435 -73.943813 40.710885
1950 2 3683392217 -73.951719 40.658632
1900 3 3633637562 -73.923415 40.686363
1800 2 3668155628 -73.960486 40.64723
1150 1 3683390617 -74.044424 40.759472
1900 3 3656887610 -73.912415 40.68854
1900 3 3658090897 -73.923415 40.686363
1800 2 3643244420 -73.942953 40.693066
1900 3 3659188434 -73.923415 40.686363
1999 2 3683387112 -73.926165 40.703265
1950 2 3672437917 -73.915279 40.685618
1900 3 3672452836 -73.923415 40.686363
1325 1 3683384647 -73.958194 40.640755
1900 3 3672432889 -73.923415 40.686363
1695 1 3678910346 -73.95235 40.69427
1500 1 3678933131 -73.946219 40.694957
1695 3 3679014412 -73.905654 40.680118
1695 1 3679051856 -73.95235 40.69427
1500 1 3679077516 -73.946219 40.694957
1500 2 3683382511 -73.999848 40.646771
1695 3 3663850951 -73.905654 40.680118
1500 1 3661235453 -73.946219 40.694957
1050 1 3683376424 -74.040585 40.768697
1995 4 3664029731 -73.928744 40.681263
1900 3 3665517613 -73.923415 40.686363
1500 1 3659201590 -73.950344 40.671638
1500 1 3657025621 -73.946219 40.694957
1900 3 3665501104 -73.923415 40.686363
1895 3 3665166316 -73.923415 40.686363
1395 1 3683372474 -73.939745 40.816997
1695 3 3661667668 -73.905654 40.680118
1695 3 3661782560 -73.905654 40.680118
1500 1 3661766909 -73.946219 40.694957
1495 1 3628792782 -73.946219 40.694957
1500 1 3666027469 -73.946219 40.694957
1999 4 3663422993 -73.928744 40.681435
1900 3 3633643805 -73.923415 40.686363
1900 3 3643326188 -73.923415 40.686363
1695 3 3632079480 -73.905654 40.680118
1695 3 3631539339 -73.905654 40.680118
1500 1 3632054657 -73.946219 40.694957
1695 3 3661725665 -73.905654 40.680118
1695 3 3661120605 -73.905654 40.680118
1495 2 3678961613 -73.906398 40.68281
1345 2 3672905679 -74.061498 40.740164
1700 2 3643203799 -73.922212 40.691806
1800 2 3683365893 -73.942208 40.681951
1950 3 3683365417 -73.688904 40.714094
1400 1 3683361390 -73.861135 40.727902
1999 2 3683360189 -73.943813 40.710885
2000 2 3683356792 -73.921009 40.764572
1400 1 3683356741 -73.964382 40.651011
1799 2 3643271403 -73.942953 40.693066
1950 2 3667358788 -73.915279 40.685618
1999 2 3668230737 -73.927655 40.704067
1900 3 3672462642 -73.923415 40.686363
1950 2 3672453746 -73.915279 40.685618
1495 1 3629082305 -73.946219 40.694957
1275 1 3683350968 -73.952808 40.637661
1650 1 3678987492 -73.945589 40.6627
1595 2 3683344066 -73.923243 40.685618
1499 2 3678547032 -73.906398 40.68281
1450 2 3683342836 -73.927598 40.676451
1400 1 3683339588 -73.890642 40.916062
1500 1 3683339426 -73.945417 40.695072
1899 2 3678995390 -73.915508 40.68579
1899 2 3665135230 -73.915279 40.685618
1799 1 3676777901 -73.953381 40.675362
1750 1 3664698883 -73.942953 40.705901
1345 1 3683327561 -73.189055 41.224657
1650 2 3683327175 -73.912128 40.705442
1250 1 3683324812 -73.905654 40.648146
1050 2 3672894697 -74.071869 40.724579
1899 2 3679000009 -73.915508 40.68579
1399 1 3635840044 -73.944156 40.684701
1250 1 3683323324 -73.927942 40.661668
1950 1 3683321807 -73.956819 40.686993
1900 2 3636022674 -73.927827 40.697822
1900 2 3635761802 -73.927827 40.697822
1900 2 3645658564 -73.927827 40.697822
1675 2 3647501881 -73.85976 40.711859
1900 2 3638579201 -73.927827 40.697822
1899 2 3632111035 -73.927827 40.697822
1600 1 3683312686 -73.919004 40.866157
1899 2 3647335405 -73.925134 40.698108
1899 2 3683308749 -73.927712 40.697822
1300 2 3663603960 -73.879813 40.83367
2000 2 3678700444 -73.925478 40.669461
1650 1 3683301205 -73.963121 40.67456
1400 1 3683293567 -73.975956 40.6038
1850 2 3683288731 -73.926681 40.685962
1700 1 3669753050 -73.973549 40.696619
1875 2 3675555508 -73.927254 40.69616
1899 2 3683283216 -73.925134 40.698108
1499 2 3678693623 -73.906398 40.68281
1700 3 3683280620 -73.94026 40.694155
2000 2 3683279927 -73.927254 40.69616
1850 1 3674264445 -73.929718 40.693869
2000 2 3674172620 -73.927655 40.704067
2000 1 3683276367 -73.937797 40.696676
2000 2 3674981785 -73.927254 40.69616
1350 1 3667586543 -73.950172 40.673414
2000 2 3675567919 -73.927254 40.69616
1875 2 3675551209 -73.927254 40.69616
1950 2 3629076787 -73.936994 40.665507
1875 2 3675552549 -73.927254 40.69616
1799 2 3683272081 -73.927598 40.701775
1499 1 3669303564 -73.953037 40.656053
1950 2 3669297472 -73.984779 40.676508
1950 2 3669293371 -73.936994 40.665507
1300 1 3683269542 -73.522574 41.058098
1800 2 3669671041 -73.916196 40.690717
1999 2 3683267099 -73.943813 40.710885
1650 2 3683265928 -73.941349 40.685045
1600 2 3683265021 -73.923415 40.686535
1900 2 3677326416 -73.922728 40.693582
1900 2 3677330199 -73.922728 40.693582
1300 1 3677336384 -73.929718 40.693869
1300 1 3677339709 -73.928285 40.695129
1295 1 3666108352 -73.95023 40.672555
1200 2 3683260338 -73.191576 41.167819
1799 1 3677649106 -73.952751 40.675362
1850 2 3683256428 -73.926681 40.685962
1949 2 3683256416 -73.936994 40.665507
1625 2 3683250392 -73.922556 40.681951
1789 1 3653629501 -73.95636 40.675076
1625 2 3683247096 -73.922556 40.681951
1999 2 3683245299 -73.926165 40.703265
1625 2 3683244120 -73.922556 40.681951
1799 2 3683234328 -73.927598 40.701775
1650 2 3669820014 -73.916196 40.690717
1625 2 3683233470 -73.922556 40.681951
1295 1 3662953538 -73.95023 40.672555
2000 2 3669657944 -73.92691 40.703666
1325 2 3683231228 -73.90256 40.866329
1595 2 3683230850 -73.923243 40.685618
1625 2 3683228573 -73.922556 40.681951
2000 4 3663826759 -73.91356 40.689629
1850 1 3678879847 -73.929718 40.693869
1625 2 3683224643 -73.922556 40.681951
1950 3 3683223433 -73.688904 40.714094
1995 4 3667472048 -73.928744 40.681263
1699 2 3653923491 -73.922212 40.691806
1900 3 3672757756 -73.923415 40.686363
1900 3 3672756101 -73.923415 40.686363
1900 3 3672754472 -73.923415 40.686363
1900 3 3633663434 -73.923415 40.686363
1625 2 3683221174 -73.922556 40.681951
1900 3 3683220745 -74.07926 40.640182
1900 3 3657978555 -73.923415 40.686363
1900 3 3667355475 -73.923415 40.686363
1295 1 3678704096 -73.95023 40.672555
1549 1 3672416781 -73.946219 40.694957
1125 1 3683218207 -73.877006 40.874751
1999 2 3683218191 -73.926165 40.703265
1625 2 3683216746 -73.922556 40.681951
1799 2 3630966845 -73.951891 40.692092
1595 2 3683215196 -73.923243 40.685618
1950 2 3667388882 -73.915279 40.685618
1495 1 3628779652 -73.946219 40.694957
1499 1 3629104602 -73.946219 40.694957
1950 2 3683213961 -73.936994 40.665507
1999 2 3683212643 -73.943813 40.710885
1900 3 3649684032 -73.923415 40.686363
1625 2 3683211883 -73.922556 40.681951
1995 4 3659177374 -73.928744 40.681263
1900 3 3659148685 -73.923415 40.686363
1450 1 3642774665 -73.95086 40.686936
1500 1 3659200408 -73.950344 40.671638
1450 1 3643546379 -73.95086 40.686936
1450 1 3629391402 -73.95086 40.686936
1850 2 3630140097 -73.949599 40.679659
1900 3 3683209195 -74.07926 40.640182
1850 2 3630138070 -73.949657 40.678972
1500 1 3644430454 -73.946219 40.694957
1850 2 3672875003 -73.949599 40.679659
1695 3 3645653603 -73.905654 40.680118
1900 3 3643317265 -73.923415 40.686363
1850 2 3672873571 -73.949599 40.679659
1899 2 3683206813 -73.925134 40.698108
1500 1 3644342511 -73.946219 40.694957
1850 2 3672826762 -73.949599 40.679659
1650 1 3676477065 -73.95235 40.69427
1800 1 3683205896 -73.860218 40.727788
1995 4 3664015676 -73.928744 40.681263
1695 3 3662636080 -73.905654 40.680118
1500 1 3658092790 -73.950344 40.671638
1695 3 3658497284 -73.905654 40.680118
1950 2 3633753215 -73.915508 40.68579
1600 2 3642730827 -73.936479 40.622363
1900 3 3658056380 -73.923415 40.686363
1495 1 3629044037 -73.946219 40.694957
1495 1 3629025516 -73.946219 40.694957
1495 1 3629037706 -73.946219 40.694957
1900 3 3665191159 -73.923415 40.686363
1900 3 3665198628 -73.923415 40.686363
2000 1 3683197342 -73.954126 40.821409
1799 2 3683194975 -73.954985 40.688712
1050 2 3672138254 -74.073129 40.723834
2000 2 3678272851 -73.925478 40.669461
1795 2 3683191991 -73.906628 40.682925
1795 2 3673830056 -73.906628 40.682925
1800 2 3673825946 -73.906628 40.682925
1900 2 3668568418 -74.169271 40.734778
1799 2 3683188387 -73.954985 40.688712
1699 2 3644939135 -73.922212 40.691806
1400 1 3663611313 -74.075421 40.71799
1450 2 3678737778 -73.953553 40.660637
1950 2 3668387758 -73.936994 40.665507
1975 1 3683173843 -73.955386 40.690889
1750 1 3676363127 -73.942953 40.705901
1625 1 3683172924 -73.882735 40.751393
1999 2 3664686941 -73.915279 40.685618
1710 1 3683170167 -73.417837 41.118373
1945 2 3683169416 -73.915508 40.68579
1799 2 3620023179 -73.927598 40.701775
1500 1 3630146920 -73.954355 40.655079
1950 2 3683166591 -73.951719 40.658632
1750 1 3664049116 -73.942953 40.705901
1700 1 3683157679 -73.973549 40.696619
1799 1 3675019961 -73.956074 40.675935
1850 2 3683156527 -73.926681 40.685962
1800 3 3683155251 -73.923129 40.684873
1995 3 3683146234 -73.941635 40.686477
1500 2 3678733034 -73.906398 40.68281
2000 2 3683145527 -73.927254 40.69616
1450 1 3656429522 -73.915852 40.688139
1775 1 3673931715 -73.907201 40.885179
2000 1 3683142795 -73.954126 40.821409
1650 2 3683141854 -73.912128 40.705442
1899 2 3683141490 -73.914363 40.686535
1900 2 3658439735 -73.910925 40.885809
1695 1 3678829308 -73.95235 40.69427
1500 1 3678867122 -73.946219 40.694957
1550 2 3633472504 -73.927999 40.656798
1495 1 3678253877 -73.950001 40.682524
1900 2 3683130985 -73.919347 40.701833
1850 1 3660969035 -73.923072 40.699197
1950 1 3683126019 -73.929718 40.693869
1595 2 3644891624 -73.926452 40.642302
1695 1 3678134801 -73.95235 40.69427
1540 2 3678474387 -73.919978 40.669461
1695 1 3678223646 -73.95235 40.69427
1450 1 3654947287 -73.917285 40.688998
1695 3 3678202570 -73.905654 40.680118
1845 2 3683117498 -73.949599 40.679659
1650 1 3668629681 -73.905825 40.69404
1500 1 3678241557 -73.946219 40.694957
1695 1 3678464639 -73.95235 40.69427
1500 1 3678333340 -73.946219 40.694957
1695 3 3678288957 -73.905654 40.680118
1695 1 3678311149 -73.95235 40.69427
1895 2 3683111056 -73.953839 40.682868
2000 2 3683110973 -73.926796 40.669346
1999 2 3683109038 -73.914706 40.686248
